41 171 298 412 532 696 780 996 
64 206 263 421 525 649 853 957 
87 241 356 430 518 730 798 918 
110 148 321 439 639 683 871 1007 
5 183 286 448 632 764 816 968 
28 218 379 457 625 717 889 929 
51 253 344 466 618 670 834 1018 
74 160 309 475 611 751 779 979 
97 195 274 484 604 704 852 940 
120 230 367 493 597 657 797 901 
15 137 332 502 590 738 870 990 
38 172 297 511 583 691 815 951 
61 207 262 392 576 644 888 912 
84 242 355 401 569 725 833 1001 
107 149 320 410 562 678 778 962 
2 184 285 419 555 759 851 923 
25 219 378 428 548 712 796 1012 
48 254 343 437 541 665 869 973 
71 161 308 446 534 746 814 934 
94 196 273 455 527 699 887 1023 
117 231 366 464 520 652 832 984 
12 138 331 473 513 733 777 945 
35 173 296 482 634 686 850 906 
58 208 261 491 627 767 795 995 
81 243 354 500 620 720 868 956 
104 150 319 509 613 673 813 917 
127 185 284 390 606 754 886 1006 
22 220 377 399 599 707 831 967 
45 255 342 408 592 660 776 928 
68 162 307 417 585 741 849 1017 
91 197 272 426 578 694 794 978 
114 232 365 435 571 647 867 939 
9 139 330 444 564 728 812 900 
32 174 295 453 557 681 885 989 
55 209 260 462 550 762 830 950 
78 244 353 471 543 715 775 911 
101 151 318 480 536 668 848 1000 
124 186 283 489 529 749 793 961 
19 221 376 498 522 702 866 922 
42 128 341 507 515 655 811 1011 
65 163 306 388 636 736 884 972 
88 198 271 397 629 689 829 933 
111 233 364 406 622 642 774 1022 
6 140 329 415 615 723 847 983 
29 175 294 424 608 676 792 944 
52 210 259 433 601 757 865 905 
75 245 352 442 594 710 810 994 
98 152 317 451 587 663 883 955 
121 187 282 460 580 744 828 916 
16 222 375 469 573 697 773 1005 
39 129 340 478 566 650 846 966 
62 164 305 487 559 731 791 927 
85 199 270 496 552 684 864 1016 
108 234 363 505 545 765 809 977 
3 141 328 386 538 718 882 938 
26 176 293 395 531 671 827 899 
49 211 258 404 524 752 772 988 
72 246 351 413 517 705 845 949 
95 153 316 422 638 658 790 910 
118 188 281 431 631 739 863 999 
13 223 374 440 624 692 808 960 
36 130 339 449 617 645 881 921 
59 165 304 458 610 726 826 1010 
82 200 269 467 603 679 771 971 
105 235 362 476 596 760 844 932 
0 142 327 485 589 713 789 1021 
23 177 292 494 582 666 862 982 
46 212 257 503 575 747 807 943 
69 247 350 384 568 700 880 904 
92 154 315 393 561 653 825 993 
115 189 280 402 554 734 770 954 
10 224 373 411 547 687 843 915 
33 131 338 420 540 640 788 1004 
56 166 303 429 533 721 861 965 
79 201 268 438 526 674 806 926 
102 236 361 447 519 755 879 1015 
125 143 326 456 512 708 824 976 
20 178 291 465 633 661 769 937 
43 213 256 474 626 742 842 898 
66 248 349 483 619 695 787 987 
89 155 314 492 612 648 860 948 
112 190 279 501 605 729 805 909 
7 225 372 510 598 682 878 998 
30 132 337 391 591 763 823 959 
53 167 302 400 584 716 768 920 
76 202 267 409 577 669 841 1009 
99 237 360 418 570 750 786 970 
122 144 325 427 563 703 859 931 
17 179 290 436 556 656 804 1020 
40 214 383 445 549 737 877 981 
63 249 348 454 542 690 822 942 
86 156 313 463 535 643 895 903 
109 191 278 472 528 724 840 992 
4 226 371 481 521 677 785 953 
27 133 336 490 514 758 858 914 
50 168 301 499 635 711 803 1003 
73 203 266 508 628 664 876 964 
96 238 359 389 621 745 821 925 
119 145 324 398 614 698 894 1014 
14 180 289 407 607 651 839 975 
37 215 382 416 600 732 784 936 
60 250 347 425 593 685 857 897 
83 157 312 434 586 766 802 986 
106 192 277 443 579 719 875 947 
1 227 370 452 572 672 820 908 
24 134 335 461 565 753 893 997 
47 169 300 470 558 706 838 958 
70 204 265 479 551 659 783 919 
93 239 358 488 544 740 856 1008 
116 146 323 497 537 693 801 969 
11 181 288 506 530 646 874 930 
34 216 381 387 523 727 819 1019 
57 251 346 396 516 680 892 980 
80 158 311 405 637 761 837 941 
103 193 276 414 630 714 782 902 
126 228 369 423 623 667 855 991 
21 135 334 432 616 748 800 952 
44 170 299 441 609 701 873 913 
67 205 264 450 602 654 818 1002 
90 240 357 459 595 735 891 963 
113 147 322 468 588 688 836 924 
8 182 287 477 581 641 781 1013 
31 217 380 486 574 722 854 974 
54 252 345 495 567 675 799 935 
77 159 310 504 560 756 872 896 
100 194 275 385 553 709 817 985 
123 229 368 394 546 662 890 946 
18 136 333 403 539 743 835 907 
28 169 299 426 612 660 824 908 
37 192 334 391 573 653 777 981 
46 215 369 484 534 646 858 926 
55 238 276 449 623 767 811 999 
64 133 311 414 584 760 892 944 
73 156 346 507 545 753 845 1017 
82 179 381 472 634 746 798 962 
91 202 288 437 595 739 879 907 
100 225 323 402 556 732 832 980 
109 248 358 495 517 725 785 925 
118 143 265 460 606 718 866 998 
127 166 300 425 567 711 819 943 
8 189 335 390 528 704 772 1016 
17 212 370 483 617 697 853 961 
26 235 277 448 578 690 806 906 
35 130 312 413 539 683 887 979 
44 153 347 506 628 676 840 924 
53 176 382 471 589 669 793 997 
62 199 289 436 550 662 874 942 
71 222 324 401 639 655 827 1015 
80 245 359 494 600 648 780 960 
89 140 266 459 561 641 861 905 
98 163 301 424 522 762 814 978 
107 186 336 389 611 755 895 923 
116 209 371 482 572 748 848 996 
125 232 278 447 533 741 801 941 
6 255 313 412 622 734 882 1014 
15 150 348 505 583 727 835 959 
24 173 383 470 544 720 788 904 
33 196 290 435 633 713 869 977 
42 219 325 400 594 706 822 922 
51 242 360 493 555 699 775 995 
60 137 267 458 516 692 856 940 
69 160 302 423 605 685 809 1013 
78 183 337 388 566 678 890 958 
87 206 372 481 527 671 843 903 
96 229 279 446 616 664 796 976 
105 252 314 411 577 657 877 921 
114 147 349 504 538 650 830 994 
123 170 256 469 627 643 783 939 
4 193 291 434 588 764 864 1012 
13 216 326 399 549 757 817 957 
22 239 361 492 638 750 770 902 
31 134 268 457 599 743 851 975 
40 157 303 422 560 736 804 920 
49 180 338 387 521 729 885 993 
58 203 373 480 610 722 838 938 
67 226 280 445 571 715 791 1011 
76 249 315 410 532 708 872 956 
85 144 350 503 621 701 825 901 
94 167 257 468 582 694 778 974 
103 190 292 433 543 687 859 919 
112 213 327 398 632 680 812 992 
121 236 362 491 593 673 893 937 
2 131 269 456 554 666 846 1010 
11 154 304 421 515 659 799 955 
20 177 339 386 604 652 880 900 
29 200 374 479 565 645 833 973 
38 223 281 444 526 766 786 918 
47 246 316 409 615 759 867 991 
56 141 351 502 576 752 820 936 
65 164 258 467 537 745 773 1009 
74 187 293 432 626 738 854 954 
83 210 328 397 587 731 807 899 
92 233 363 490 548 724 888 972 
101 128 270 455 637 717 841 917 
110 151 305 420 598 710 794 990 
119 174 340 385 559 703 875 935 
0 197 375 478 520 696 828 1008 
9 220 282 443 609 689 781 953 
18 243 317 408 570 682 862 898 
27 138 352 501 531 675 815 971 
36 161 259 466 620 668 768 916 
45 184 294 431 581 661 849 989 
54 207 329 396 542 654 802 934 
63 230 364 489 631 647 883 1007 
72 253 271 454 592 640 836 952 
81 148 306 419 553 761 789 897 
90 171 341 384 514 754 870 970 
99 194 376 477 603 747 823 915 
108 217 283 442 564 740 776 988 
117 240 318 407 525 733 857 933 
126 135 353 500 614 726 810 1006 
7 158 260 465 575 719 891 951 
16 181 295 430 536 712 844 896 
25 204 330 395 625 705 797 969 
34 227 365 488 586 698 878 914 
43 250 272 453 547 691 831 987 
52 145 307 418 636 684 784 932 
61 168 342 511 597 677 865 1005 
70 191 377 476 558 670 818 950 
79 214 284 441 519 663 771 1023 
88 237 319 406 608 656 852 968 
97 132 354 499 569 649 805 913 
106 155 261 464 530 642 886 986 
115 178 296 429 619 763 839 931 
124 201 331 394 580 756 792 1004 
5 224 366 487 541 749 873 949 
14 247 273 452 630 742 826 1022 
23 142 308 417 591 735 779 967 
32 165 343 510 552 728 860 912 
41 188 378 475 513 721 813 985 
50 211 285 440 602 714 894 930 
59 234 320 405 563 707 847 1003 
68 129 355 498 524 700 800 948 
77 152 262 463 613 693 881 1021 
86 175 297 428 574 686 834 966 
95 198 332 393 535 679 787 911 
104 221 367 486 624 672 868 984 
113 244 274 451 585 665 821 929 
122 139 309 416 546 658 774 1002 
3 162 344 509 635 651 855 947 
12 185 379 474 596 644 808 1020 
21 208 286 439 557 765 889 965 
30 231 321 404 518 758 842 910 
39 254 356 497 607 751 795 983 
48 149 263 462 568 744 876 928 
57 172 298 427 529 737 829 1001 
66 195 333 392 618 730 782 946 
75 218 368 485 579 723 863 1019 
84 241 275 450 540 716 816 964 
93 136 310 415 629 709 769 909 
102 159 345 508 590 702 850 982 
111 182 380 473 551 695 803 927 
120 205 287 438 512 688 884 1000 
1 228 322 403 601 681 837 945 
10 251 357 496 562 674 790 1018 
19 146 264 461 523 667 871 963 
