465 1807 2219 3418 4700 5164 6840 7884 
202 1048 2260 3211 4477 5325 6393 7789 
963 1313 2301 4028 4254 5486 6970 7694 
700 1578 2342 3821 5055 5647 6523 7599 
437 1843 2383 3614 4832 5808 7100 7504 
174 1084 2424 3407 4609 5969 6653 7409 
935 1349 2465 3200 4386 6130 6206 7314 
672 1614 2506 4017 4163 5267 6783 7219 
409 1879 2547 3810 4964 5428 6336 8148 
146 1120 2588 3603 4741 5589 6913 8053 
907 1385 2629 3396 4518 5750 6466 7958 
644 1650 2670 3189 4295 5911 7043 7863 
381 1915 2711 4006 5096 6072 6596 7768 
118 1156 2752 3799 4873 5209 6149 7673 
879 1421 2793 3592 4650 5370 6726 7578 
616 1686 2834 3385 4427 5531 6279 7483 
353 1951 2875 3178 4204 5692 6856 7388 
90 1192 2916 3995 5005 5853 6409 7293 
851 1457 2957 3788 4782 6014 6986 7198 
588 1722 2998 3581 4559 5151 6539 8127 
325 1987 3039 3374 4336 5312 7116 8032 
62 1228 2056 3167 4113 5473 6669 7937 
823 1493 2097 3984 4914 5634 6222 7842 
560 1758 2138 3777 4691 5795 6799 7747 
297 2023 2179 3570 4468 5956 6352 7652 
34 1264 2220 3363 4245 6117 6929 7557 
795 1529 2261 3156 5046 5254 6482 7462 
532 1794 2302 3973 4823 5415 7059 7367 
269 1035 2343 3766 4600 5576 6612 7272 
6 1300 2384 3559 4377 5737 6165 7177 
767 1565 2425 3352 4154 5898 6742 8106 
504 1830 2466 3145 4955 6059 6295 8011 
241 1071 2507 3962 4732 5196 6872 7916 
1002 1336 2548 3755 4509 5357 6425 7821 
739 1601 2589 3548 4286 5518 7002 7726 
476 1866 2630 3341 5087 5679 6555 7631 
213 1107 2671 3134 4864 5840 7132 7536 
974 1372 2712 3951 4641 6001 6685 7441 
711 1637 2753 3744 4418 5138 6238 7346 
448 1902 2794 3537 4195 5299 6815 7251 
185 1143 2835 3330 4996 5460 6368 8180 
946 1408 2876 3123 4773 5621 6945 8085 
683 1673 2917 3940 4550 5782 6498 7990 
420 1938 2958 3733 4327 5943 7075 7895 
157 1179 2999 3526 4104 6104 6628 7800 
918 1444 3040 3319 4905 5241 6181 7705 
655 1709 2057 3112 4682 5402 6758 7610 
392 1974 2098 3929 4459 5563 6311 7515 
129 1215 2139 3722 4236 5724 6888 7420 
890 1480 2180 3515 5037 5885 6441 7325 
627 1745 2221 3308 4814 6046 7018 7230 
364 2010 2262 3101 4591 5183 6571 8159 
101 1251 2303 3918 4368 5344 7148 8064 
862 1516 2344 3711 4145 5505 6701 7969 
599 1781 2385 3504 4946 5666 6254 7874 
336 2046 2426 3297 4723 5827 6831 7779 
73 1287 2467 3090 4500 5988 6384 7684 
834 1552 2508 3907 4277 5125 6961 7589 
571 1817 2549 3700 5078 5286 6514 7494 
308 1058 2590 3493 4855 5447 7091 7399 
45 1323 2631 3286 4632 5608 6644 7304 
806 1588 2672 3079 4409 5769 6197 7209 
543 1853 2713 3896 4186 5930 6774 8138 
280 1094 2754 3689 4987 6091 6327 8043 
17 1359 2795 3482 4764 5228 6904 7948 
778 1624 2836 3275 4541 5389 6457 7853 
515 1889 2877 4092 4318 5550 7034 7758 
252 1130 2918 3885 5119 5711 6587 7663 
1013 1395 2959 3678 4896 5872 7164 7568 
750 1660 3000 3471 4673 6033 6717 7473 
487 1925 3041 3264 4450 5170 6270 7378 
224 1166 2058 4081 4227 5331 6847 7283 
985 1431 2099 3874 5028 5492 6400 7188 
722 1696 2140 3667 4805 5653 6977 8117 
459 1961 2181 3460 4582 5814 6530 8022 
196 1202 2222 3253 4359 5975 7107 7927 
957 1467 2263 4070 4136 6136 6660 7832 
694 1732 2304 3863 4937 5273 6213 7737 
431 1997 2345 3656 4714 5434 6790 7642 
168 1238 2386 3449 4491 5595 6343 7547 
929 1503 2427 3242 4268 5756 6920 7452 
666 1768 2468 4059 5069 5917 6473 7357 
403 2033 2509 3852 4846 6078 7050 7262 
140 1274 2550 3645 4623 5215 6603 8191 
901 1539 2591 3438 4400 5376 6156 8096 
638 1804 2632 3231 4177 5537 6733 8001 
375 1045 2673 4048 4978 5698 6286 7906 
112 1310 2714 3841 4755 5859 6863 7811 
873 1575 2755 3634 4532 6020 6416 7716 
610 1840 2796 3427 4309 5157 6993 7621 
347 1081 2837 3220 5110 5318 6546 7526 
84 1346 2878 4037 4887 5479 7123 7431 
845 1611 2919 3830 4664 5640 6676 7336 
582 1876 2960 3623 4441 5801 6229 7241 
319 1117 3001 3416 4218 5962 6806 8170 
56 1382 3042 3209 5019 6123 6359 8075 
817 1647 2059 4026 4796 5260 6936 7980 
554 1912 2100 3819 4573 5421 6489 7885 
291 1153 2141 3612 4350 5582 7066 7790 
28 1418 2182 3405 4127 5743 6619 7695 
789 1683 2223 3198 4928 5904 6172 7600 
526 1948 2264 4015 4705 6065 6749 7505 
263 1189 2305 3808 4482 5202 6302 7410 
0 1454 2346 3601 4259 5363 6879 7315 
761 1719 2387 3394 5060 5524 6432 7220 
498 1984 2428 3187 4837 5685 7009 8149 
235 1225 2469 4004 4614 5846 6562 8054 
996 1490 2510 3797 4391 6007 7139 7959 
733 1755 2551 3590 4168 5144 6692 7864 
470 2020 2592 3383 4969 5305 6245 7769 
207 1261 2633 3176 4746 5466 6822 7674 
968 1526 2674 3993 4523 5627 6375 7579 
705 1791 2715 3786 4300 5788 6952 7484 
442 1032 2756 3579 5101 5949 6505 7389 
179 1297 2797 3372 4878 6110 7082 7294 
940 1562 2838 3165 4655 5247 6635 7199 
677 1827 2879 3982 4432 5408 6188 8128 
414 1068 2920 3775 4209 5569 6765 8033 
151 1333 2961 3568 5010 5730 6318 7938 
912 1598 3002 3361 4787 5891 6895 7843 
649 1863 3043 3154 4564 6052 6448 7748 
386 1104 2060 3971 4341 5189 7025 7653 
123 1369 2101 3764 4118 5350 6578 7558 
884 1634 2142 3557 4919 5511 7155 7463 
621 1899 2183 3350 4696 5672 6708 7368 
358 1140 2224 3143 4473 5833 6261 7273 
95 1405 2265 3960 4250 5994 6838 7178 
856 1670 2306 3753 5051 5131 6391 8107 
593 1935 2347 3546 4828 5292 6968 8012 
330 1176 2388 3339 4605 5453 6521 7917 
67 1441 2429 3132 4382 5614 7098 7822 
828 1706 2470 3949 4159 5775 6651 7727 
565 1971 2511 3742 4960 5936 6204 7632 
302 1212 2552 3535 4737 6097 6781 7537 
39 1477 2593 3328 4514 5234 6334 7442 
800 1742 2634 3121 4291 5395 6911 7347 
537 2007 2675 3938 5092 5556 6464 7252 
274 1248 2716 3731 4869 5717 7041 8181 
11 1513 2757 3524 4646 5878 6594 8086 
772 1778 2798 3317 4423 6039 6147 7991 
509 2043 2839 3110 4200 5176 6724 7896 
246 1284 2880 3927 5001 5337 6277 7801 
1007 1549 2921 3720 4778 5498 6854 7706 
744 1814 2962 3513 4555 5659 6407 7611 
481 1055 3003 3306 4332 5820 6984 7516 
218 1320 3044 3099 4109 5981 6537 7421 
979 1585 2061 3916 4910 6142 7114 7326 
716 1850 2102 3709 4687 5279 6667 7231 
453 1091 2143 3502 4464 5440 6220 8160 
190 1356 2184 3295 4241 5601 6797 8065 
951 1621 2225 3088 5042 5762 6350 7970 
688 1886 2266 3905 4819 5923 6927 7875 
425 1127 2307 3698 4596 6084 6480 7780 
162 1392 2348 3491 4373 5221 7057 7685 
923 1657 2389 3284 4150 5382 6610 7590 
660 1922 2430 3077 4951 5543 6163 7495 
397 1163 2471 3894 4728 5704 6740 7400 
134 1428 2512 3687 4505 5865 6293 7305 
895 1693 2553 3480 4282 6026 6870 7210 
632 1958 2594 3273 5083 5163 6423 8139 
369 1199 2635 4090 4860 5324 7000 8044 
106 1464 2676 3883 4637 5485 6553 7949 
867 1729 2717 3676 4414 5646 7130 7854 
604 1994 2758 3469 4191 5807 6683 7759 
341 1235 2799 3262 4992 5968 6236 7664 
78 1500 2840 4079 4769 6129 6813 7569 
839 1765 2881 3872 4546 5266 6366 7474 
576 2030 2922 3665 4323 5427 6943 7379 
313 1271 2963 3458 4100 5588 6496 7284 
50 1536 3004 3251 4901 5749 7073 7189 
811 1801 3045 4068 4678 5910 6626 8118 
548 1042 2062 3861 4455 6071 6179 8023 
285 1307 2103 3654 4232 5208 6756 7928 
22 1572 2144 3447 5033 5369 6309 7833 
783 1837 2185 3240 4810 5530 6886 7738 
520 1078 2226 4057 4587 5691 6439 7643 
257 1343 2267 3850 4364 5852 7016 7548 
1018 1608 2308 3643 4141 6013 6569 7453 
755 1873 2349 3436 4942 5150 7146 7358 
492 1114 2390 3229 4719 5311 6699 7263 
229 1379 2431 4046 4496 5472 6252 7168 
990 1644 2472 3839 4273 5633 6829 8097 
727 1909 2513 3632 5074 5794 6382 8002 
464 1150 2554 3425 4851 5955 6959 7907 
201 1415 2595 3218 4628 6116 6512 7812 
962 1680 2636 4035 4405 5253 7089 7717 
699 1945 2677 3828 4182 5414 6642 7622 
436 1186 2718 3621 4983 5575 6195 7527 
173 1451 2759 3414 4760 5736 6772 7432 
934 1716 2800 3207 4537 5897 6325 7337 
671 1981 2841 4024 4314 6058 6902 7242 
408 1222 2882 3817 5115 5195 6455 8171 
145 1487 2923 3610 4892 5356 7032 8076 
906 1752 2964 3403 4669 5517 6585 7981 
643 2017 3005 3196 4446 5678 7162 7886 
380 1258 3046 4013 4223 5839 6715 7791 
117 1523 2063 3806 5024 6000 6268 7696 
878 1788 2104 3599 4801 5137 6845 7601 
615 1029 2145 3392 4578 5298 6398 7506 
352 1294 2186 3185 4355 5459 6975 7411 
89 1559 2227 4002 4132 5620 6528 7316 
850 1824 2268 3795 4933 5781 7105 7221 
587 1065 2309 3588 4710 5942 6658 8150 
324 1330 2350 3381 4487 6103 6211 8055 
61 1595 2391 3174 4264 5240 6788 7960 
822 1860 2432 3991 5065 5401 6341 7865 
559 1101 2473 3784 4842 5562 6918 7770 
296 1366 2514 3577 4619 5723 6471 7675 
33 1631 2555 3370 4396 5884 7048 7580 
794 1896 2596 3163 4173 6045 6601 7485 
531 1137 2637 3980 4974 5182 6154 7390 
268 1402 2678 3773 4751 5343 6731 7295 
5 1667 2719 3566 4528 5504 6284 7200 
766 1932 2760 3359 4305 5665 6861 8129 
503 1173 2801 3152 5106 5826 6414 8034 
240 1438 2842 3969 4883 5987 6991 7939 
1001 1703 2883 3762 4660 5124 6544 7844 
738 1968 2924 3555 4437 5285 7121 7749 
475 1209 2965 3348 4214 5446 6674 7654 
212 1474 3006 3141 5015 5607 6227 7559 
973 1739 3047 3958 4792 5768 6804 7464 
710 2004 2064 3751 4569 5929 6357 7369 
447 1245 2105 3544 4346 6090 6934 7274 
184 1510 2146 3337 4123 5227 6487 7179 
945 1775 2187 3130 4924 5388 7064 8108 
682 2040 2228 3947 4701 5549 6617 8013 
419 1281 2269 3740 4478 5710 6170 7918 
156 1546 2310 3533 4255 5871 6747 7823 
917 1811 2351 3326 5056 6032 6300 7728 
654 1052 2392 3119 4833 5169 6877 7633 
391 1317 2433 3936 4610 5330 6430 7538 
128 1582 2474 3729 4387 5491 7007 7443 
889 1847 2515 3522 4164 5652 6560 7348 
626 1088 2556 3315 4965 5813 7137 7253 
363 1353 2597 3108 4742 5974 6690 8182 
100 1618 2638 3925 4519 6135 6243 8087 
861 1883 2679 3718 4296 5272 6820 7992 
598 1124 2720 3511 5097 5433 6373 7897 
335 1389 2761 3304 4874 5594 6950 7802 
72 1654 2802 3097 4651 5755 6503 7707 
833 1919 2843 3914 4428 5916 7080 7612 
570 1160 2884 3707 4205 6077 6633 7517 
307 1425 2925 3500 5006 5214 6186 7422 
44 1690 2966 3293 4783 5375 6763 7327 
805 1955 3007 3086 4560 5536 6316 7232 
542 1196 3048 3903 4337 5697 6893 8161 
279 1461 2065 3696 4114 5858 6446 8066 
16 1726 2106 3489 4915 6019 7023 7971 
777 1991 2147 3282 4692 5156 6576 7876 
514 1232 2188 3075 4469 5317 7153 7781 
251 1497 2229 3892 4246 5478 6706 7686 
1012 1762 2270 3685 5047 5639 6259 7591 
749 2027 2311 3478 4824 5800 6836 7496 
486 1268 2352 3271 4601 5961 6389 7401 
223 1533 2393 4088 4378 6122 6966 7306 
984 1798 2434 3881 4155 5259 6519 7211 
721 1039 2475 3674 4956 5420 7096 8140 
458 1304 2516 3467 4733 5581 6649 8045 
195 1569 2557 3260 4510 5742 6202 7950 
956 1834 2598 4077 4287 5903 6779 7855 
693 1075 2639 3870 5088 6064 6332 7760 
430 1340 2680 3663 4865 5201 6909 7665 
167 1605 2721 3456 4642 5362 6462 7570 
928 1870 2762 3249 4419 5523 7039 7475 
665 1111 2803 4066 4196 5684 6592 7380 
402 1376 2844 3859 4997 5845 6145 7285 
139 1641 2885 3652 4774 6006 6722 7190 
900 1906 2926 3445 4551 5143 6275 8119 
637 1147 2967 3238 4328 5304 6852 8024 
374 1412 3008 4055 4105 5465 6405 7929 
111 1677 3049 3848 4906 5626 6982 7834 
872 1942 2066 3641 4683 5787 6535 7739 
609 1183 2107 3434 4460 5948 7112 7644 
346 1448 2148 3227 4237 6109 6665 7549 
83 1713 2189 4044 5038 5246 6218 7454 
844 1978 2230 3837 4815 5407 6795 7359 
581 1219 2271 3630 4592 5568 6348 7264 
318 1484 2312 3423 4369 5729 6925 7169 
55 1749 2353 3216 4146 5890 6478 8098 
816 2014 2394 4033 4947 6051 7055 8003 
553 1255 2435 3826 4724 5188 6608 7908 
290 1520 2476 3619 4501 5349 6161 7813 
27 1785 2517 3412 4278 5510 6738 7718 
788 1026 2558 3205 5079 5671 6291 7623 
525 1291 2599 4022 4856 5832 6868 7528 
262 1556 2640 3815 4633 5993 6421 7433 
1023 1821 2681 3608 4410 5130 6998 7338 
760 1062 2722 3401 4187 5291 6551 7243 
497 1327 2763 3194 4988 5452 7128 8172 
234 1592 2804 4011 4765 5613 6681 8077 
995 1857 2845 3804 4542 5774 6234 7982 
732 1098 2886 3597 4319 5935 6811 7887 
469 1363 2927 3390 4096 6096 6364 7792 
206 1628 2968 3183 4897 5233 6941 7697 
967 1893 3009 4000 4674 5394 6494 7602 
704 1134 3050 3793 4451 5555 7071 7507 
441 1399 2067 3586 4228 5716 6624 7412 
178 1664 2108 3379 5029 5877 6177 7317 
939 1929 2149 3172 4806 6038 6754 7222 
676 1170 2190 3989 4583 5175 6307 8151 
413 1435 2231 3782 4360 5336 6884 8056 
150 1700 2272 3575 4137 5497 6437 7961 
911 1965 2313 3368 4938 5658 7014 7866 
648 1206 2354 3161 4715 5819 6567 7771 
385 1471 2395 3978 4492 5980 7144 7676 
122 1736 2436 3771 4269 6141 6697 7581 
883 2001 2477 3564 5070 5278 6250 7486 
620 1242 2518 3357 4847 5439 6827 7391 
357 1507 2559 3150 4624 5600 6380 7296 
94 1772 2600 3967 4401 5761 6957 7201 
855 2037 2641 3760 4178 5922 6510 8130 
592 1278 2682 3553 4979 6083 7087 8035 
329 1543 2723 3346 4756 5220 6640 7940 
66 1808 2764 3139 4533 5381 6193 7845 
827 1049 2805 3956 4310 5542 6770 7750 
564 1314 2846 3749 5111 5703 6323 7655 
301 1579 2887 3542 4888 5864 6900 7560 
38 1844 2928 3335 4665 6025 6453 7465 
799 1085 2969 3128 4442 5162 7030 7370 
536 1350 3010 3945 4219 5323 6583 7275 
273 1615 3051 3738 5020 5484 7160 7180 
10 1880 2068 3531 4797 5645 6713 8109 
771 1121 2109 3324 4574 5806 6266 8014 
508 1386 2150 3117 4351 5967 6843 7919 
245 1651 2191 3934 4128 6128 6396 7824 
1006 1916 2232 3727 4929 5265 6973 7729 
743 1157 2273 3520 4706 5426 6526 7634 
480 1422 2314 3313 4483 5587 7103 7539 
217 1687 2355 3106 4260 5748 6656 7444 
978 1952 2396 3923 5061 5909 6209 7349 
715 1193 2437 3716 4838 6070 6786 7254 
452 1458 2478 3509 4615 5207 6339 8183 
189 1723 2519 3302 4392 5368 6916 8088 
950 1988 2560 3095 4169 5529 6469 7993 
687 1229 2601 3912 4970 5690 7046 7898 
424 1494 2642 3705 4747 5851 6599 7803 
161 1759 2683 3498 4524 6012 6152 7708 
922 2024 2724 3291 4301 5149 6729 7613 
659 1265 2765 3084 5102 5310 6282 7518 
396 1530 2806 3901 4879 5471 6859 7423 
133 1795 2847 3694 4656 5632 6412 7328 
894 1036 2888 3487 4433 5793 6989 7233 
631 1301 2929 3280 4210 5954 6542 8162 
368 1566 2970 3073 5011 6115 7119 8067 
105 1831 3011 3890 4788 5252 6672 7972 
866 1072 3052 3683 4565 5413 6225 7877 
603 1337 2069 3476 4342 5574 6802 7782 
340 1602 2110 3269 4119 5735 6355 7687 
77 1867 2151 4086 4920 5896 6932 7592 
838 1108 2192 3879 4697 6057 6485 7497 
575 1373 2233 3672 4474 5194 7062 7402 
312 1638 2274 3465 4251 5355 6615 7307 
49 1903 2315 3258 5052 5516 6168 7212 
810 1144 2356 4075 4829 5677 6745 8141 
547 1409 2397 3868 4606 5838 6298 8046 
284 1674 2438 3661 4383 5999 6875 7951 
21 1939 2479 3454 4160 5136 6428 7856 
782 1180 2520 3247 4961 5297 7005 7761 
519 1445 2561 4064 4738 5458 6558 7666 
256 1710 2602 3857 4515 5619 7135 7571 
1017 1975 2643 3650 4292 5780 6688 7476 
754 1216 2684 3443 5093 5941 6241 7381 
491 1481 2725 3236 4870 6102 6818 7286 
228 1746 2766 4053 4647 5239 6371 7191 
989 2011 2807 3846 4424 5400 6948 8120 
726 1252 2848 3639 4201 5561 6501 8025 
463 1517 2889 3432 5002 5722 7078 7930 
200 1782 2930 3225 4779 5883 6631 7835 
961 2047 2971 4042 4556 6044 6184 7740 
698 1288 3012 3835 4333 5181 6761 7645 
435 1553 3053 3628 4110 5342 6314 7550 
172 1818 2070 3421 4911 5503 6891 7455 
933 1059 2111 3214 4688 5664 6444 7360 
670 1324 2152 4031 4465 5825 7021 7265 
407 1589 2193 3824 4242 5986 6574 7170 
144 1854 2234 3617 5043 5123 7151 8099 
905 1095 2275 3410 4820 5284 6704 8004 
642 1360 2316 3203 4597 5445 6257 7909 
379 1625 2357 4020 4374 5606 6834 7814 
116 1890 2398 3813 4151 5767 6387 7719 
877 1131 2439 3606 4952 5928 6964 7624 
614 1396 2480 3399 4729 6089 6517 7529 
351 1661 2521 3192 4506 5226 7094 7434 
88 1926 2562 4009 4283 5387 6647 7339 
849 1167 2603 3802 5084 5548 6200 7244 
586 1432 2644 3595 4861 5709 6777 8173 
323 1697 2685 3388 4638 5870 6330 8078 
60 1962 2726 3181 4415 6031 6907 7983 
821 1203 2767 3998 4192 5168 6460 7888 
558 1468 2808 3791 4993 5329 7037 7793 
295 1733 2849 3584 4770 5490 6590 7698 
32 1998 2890 3377 4547 5651 7167 7603 
793 1239 2931 3170 4324 5812 6720 7508 
530 1504 2972 3987 4101 5973 6273 7413 
267 1769 3013 3780 4902 6134 6850 7318 
4 2034 3054 3573 4679 5271 6403 7223 
765 1275 2071 3366 4456 5432 6980 8152 
502 1540 2112 3159 4233 5593 6533 8057 
239 1805 2153 3976 5034 5754 7110 7962 
1000 1046 2194 3769 4811 5915 6663 7867 
737 1311 2235 3562 4588 6076 6216 7772 
474 1576 2276 3355 4365 5213 6793 7677 
211 1841 2317 3148 4142 5374 6346 7582 
972 1082 2358 3965 4943 5535 6923 7487 
709 1347 2399 3758 4720 5696 6476 7392 
446 1612 2440 3551 4497 5857 7053 7297 
183 1877 2481 3344 4274 6018 6606 7202 
944 1118 2522 3137 5075 5155 6159 8131 
681 1383 2563 3954 4852 5316 6736 8036 
418 1648 2604 3747 4629 5477 6289 7941 
155 1913 2645 3540 4406 5638 6866 7846 
916 1154 2686 3333 4183 5799 6419 7751 
653 1419 2727 3126 4984 5960 6996 7656 
390 1684 2768 3943 4761 6121 6549 7561 
127 1949 2809 3736 4538 5258 7126 7466 
888 1190 2850 3529 4315 5419 6679 7371 
625 1455 2891 3322 5116 5580 6232 7276 
362 1720 2932 3115 4893 5741 6809 7181 
99 1985 2973 3932 4670 5902 6362 8110 
860 1226 3014 3725 4447 6063 6939 8015 
597 1491 3055 3518 4224 5200 6492 7920 
334 1756 2072 3311 5025 5361 7069 7825 
71 2021 2113 3104 4802 5522 6622 7730 
832 1262 2154 3921 4579 5683 6175 7635 
569 1527 2195 3714 4356 5844 6752 7540 
306 1792 2236 3507 4133 6005 6305 7445 
43 1033 2277 3300 4934 5142 6882 7350 
804 1298 2318 3093 4711 5303 6435 7255 
541 1563 2359 3910 4488 5464 7012 8184 
278 1828 2400 3703 4265 5625 6565 8089 
15 1069 2441 3496 5066 5786 7142 7994 
776 1334 2482 3289 4843 5947 6695 7899 
513 1599 2523 3082 4620 6108 6248 7804 
250 1864 2564 3899 4397 5245 6825 7709 
1011 1105 2605 3692 4174 5406 6378 7614 
748 1370 2646 3485 4975 5567 6955 7519 
485 1635 2687 3278 4752 5728 6508 7424 
222 1900 2728 4095 4529 5889 7085 7329 
983 1141 2769 3888 4306 6050 6638 7234 
720 1406 2810 3681 5107 5187 6191 8163 
457 1671 2851 3474 4884 5348 6768 8068 
194 1936 2892 3267 4661 5509 6321 7973 
955 1177 2933 4084 4438 5670 6898 7878 
692 1442 2974 3877 4215 5831 6451 7783 
429 1707 3015 3670 5016 5992 7028 7688 
166 1972 3056 3463 4793 5129 6581 7593 
927 1213 2073 3256 4570 5290 7158 7498 
664 1478 2114 4073 4347 5451 6711 7403 
401 1743 2155 3866 4124 5612 6264 7308 
138 2008 2196 3659 4925 5773 6841 7213 
899 1249 2237 3452 4702 5934 6394 8142 
636 1514 2278 3245 4479 6095 6971 8047 
373 1779 2319 4062 4256 5232 6524 7952 
110 2044 2360 3855 5057 5393 7101 7857 
871 1285 2401 3648 4834 5554 6654 7762 
608 1550 2442 3441 4611 5715 6207 7667 
345 1815 2483 3234 4388 5876 6784 7572 
82 1056 2524 4051 4165 6037 6337 7477 
843 1321 2565 3844 4966 5174 6914 7382 
580 1586 2606 3637 4743 5335 6467 7287 
317 1851 2647 3430 4520 5496 7044 7192 
54 1092 2688 3223 4297 5657 6597 8121 
815 1357 2729 4040 5098 5818 6150 8026 
552 1622 2770 3833 4875 5979 6727 7931 
289 1887 2811 3626 4652 6140 6280 7836 
26 1128 2852 3419 4429 5277 6857 7741 
787 1393 2893 3212 4206 5438 6410 7646 
524 1658 2934 4029 5007 5599 6987 7551 
261 1923 2975 3822 4784 5760 6540 7456 
1022 1164 3016 3615 4561 5921 7117 7361 
759 1429 3057 3408 4338 6082 6670 7266 
496 1694 2074 3201 4115 5219 6223 7171 
233 1959 2115 4018 4916 5380 6800 8100 
994 1200 2156 3811 4693 5541 6353 8005 
731 1465 2197 3604 4470 5702 6930 7910 
468 1730 2238 3397 4247 5863 6483 7815 
205 1995 2279 3190 5048 6024 7060 7720 
966 1236 2320 4007 4825 5161 6613 7625 
703 1501 2361 3800 4602 5322 6166 7530 
440 1766 2402 3593 4379 5483 6743 7435 
177 2031 2443 3386 4156 5644 6296 7340 
938 1272 2484 3179 4957 5805 6873 7245 
675 1537 2525 3996 4734 5966 6426 8174 
412 1802 2566 3789 4511 6127 7003 8079 
149 1043 2607 3582 4288 5264 6556 7984 
910 1308 2648 3375 5089 5425 7133 7889 
647 1573 2689 3168 4866 5586 6686 7794 
384 1838 2730 3985 4643 5747 6239 7699 
121 1079 2771 3778 4420 5908 6816 7604 
882 1344 2812 3571 4197 6069 6369 7509 
619 1609 2853 3364 4998 5206 6946 7414 
356 1874 2894 3157 4775 5367 6499 7319 
93 1115 2935 3974 4552 5528 7076 7224 
854 1380 2976 3767 4329 5689 6629 8153 
591 1645 3017 3560 4106 5850 6182 8058 
328 1910 3058 3353 4907 6011 6759 7963 
65 1151 2075 3146 4684 5148 6312 7868 
826 1416 2116 3963 4461 5309 6889 7773 
563 1681 2157 3756 4238 5470 6442 7678 
300 1946 2198 3549 5039 5631 7019 7583 
37 1187 2239 3342 4816 5792 6572 7488 
798 1452 2280 3135 4593 5953 7149 7393 
535 1717 2321 3952 4370 6114 6702 7298 
272 1982 2362 3745 4147 5251 6255 7203 
9 1223 2403 3538 4948 5412 6832 8132 
770 1488 2444 3331 4725 5573 6385 8037 
507 1753 2485 3124 4502 5734 6962 7942 
244 2018 2526 3941 4279 5895 6515 7847 
1005 1259 2567 3734 5080 6056 7092 7752 
742 1524 2608 3527 4857 5193 6645 7657 
479 1789 2649 3320 4634 5354 6198 7562 
216 1030 2690 3113 4411 5515 6775 7467 
977 1295 2731 3930 4188 5676 6328 7372 
714 1560 2772 3723 4989 5837 6905 7277 
451 1825 2813 3516 4766 5998 6458 7182 
188 1066 2854 3309 4543 5135 7035 8111 
949 1331 2895 3102 4320 5296 6588 8016 
686 1596 2936 3919 4097 5457 7165 7921 
423 1861 2977 3712 4898 5618 6718 7826 
160 1102 3018 3505 4675 5779 6271 7731 
921 1367 3059 3298 4452 5940 6848 7636 
658 1632 2076 3091 4229 6101 6401 7541 
395 1897 2117 3908 5030 5238 6978 7446 
132 1138 2158 3701 4807 5399 6531 7351 
893 1403 2199 3494 4584 5560 7108 7256 
630 1668 2240 3287 4361 5721 6661 8185 
367 1933 2281 3080 4138 5882 6214 8090 
104 1174 2322 3897 4939 6043 6791 7995 
865 1439 2363 3690 4716 5180 6344 7900 
602 1704 2404 3483 4493 5341 6921 7805 
339 1969 2445 3276 4270 5502 6474 7710 
76 1210 2486 4093 5071 5663 7051 7615 
837 1475 2527 3886 4848 5824 6604 7520 
574 1740 2568 3679 4625 5985 6157 7425 
311 2005 2609 3472 4402 5122 6734 7330 
48 1246 2650 3265 4179 5283 6287 7235 
809 1511 2691 4082 4980 5444 6864 8164 
546 1776 2732 3875 4757 5605 6417 8069 
283 2041 2773 3668 4534 5766 6994 7974 
20 1282 2814 3461 4311 5927 6547 7879 
781 1547 2855 3254 5112 6088 7124 7784 
518 1812 2896 4071 4889 5225 6677 7689 
255 1053 2937 3864 4666 5386 6230 7594 
1016 1318 2978 3657 4443 5547 6807 7499 
753 1583 3019 3450 4220 5708 6360 7404 
490 1848 3060 3243 5021 5869 6937 7309 
227 1089 2077 4060 4798 6030 6490 7214 
988 1354 2118 3853 4575 5167 7067 8143 
725 1619 2159 3646 4352 5328 6620 8048 
462 1884 2200 3439 4129 5489 6173 7953 
199 1125 2241 3232 4930 5650 6750 7858 
960 1390 2282 4049 4707 5811 6303 7763 
697 1655 2323 3842 4484 5972 6880 7668 
434 1920 2364 3635 4261 6133 6433 7573 
171 1161 2405 3428 5062 5270 7010 7478 
932 1426 2446 3221 4839 5431 6563 7383 
669 1691 2487 4038 4616 5592 7140 7288 
406 1956 2528 3831 4393 5753 6693 7193 
143 1197 2569 3624 4170 5914 6246 8122 
904 1462 2610 3417 4971 6075 6823 8027 
641 1727 2651 3210 4748 5212 6376 7932 
378 1992 2692 4027 4525 5373 6953 7837 
115 1233 2733 3820 4302 5534 6506 7742 
876 1498 2774 3613 5103 5695 7083 7647 
613 1763 2815 3406 4880 5856 6636 7552 
350 2028 2856 3199 4657 6017 6189 7457 
87 1269 2897 4016 4434 5154 6766 7362 
848 1534 2938 3809 4211 5315 6319 7267 
585 1799 2979 3602 5012 5476 6896 7172 
322 1040 3020 3395 4789 5637 6449 8101 
59 1305 3061 3188 4566 5798 7026 8006 
820 1570 2078 4005 4343 5959 6579 7911 
557 1835 2119 3798 4120 6120 7156 7816 
294 1076 2160 3591 4921 5257 6709 7721 
31 1341 2201 3384 4698 5418 6262 7626 
792 1606 2242 3177 4475 5579 6839 7531 
529 1871 2283 3994 4252 5740 6392 7436 
266 1112 2324 3787 5053 5901 6969 7341 
3 1377 2365 3580 4830 6062 6522 7246 
764 1642 2406 3373 4607 5199 7099 8175 
501 1907 2447 3166 4384 5360 6652 8080 
238 1148 2488 3983 4161 5521 6205 7985 
999 1413 2529 3776 4962 5682 6782 7890 
736 1678 2570 3569 4739 5843 6335 7795 
473 1943 2611 3362 4516 6004 6912 7700 
210 1184 2652 3155 4293 5141 6465 7605 
971 1449 2693 3972 5094 5302 7042 7510 
708 1714 2734 3765 4871 5463 6595 7415 
445 1979 2775 3558 4648 5624 6148 7320 
182 1220 2816 3351 4425 5785 6725 7225 
943 1485 2857 3144 4202 5946 6278 8154 
680 1750 2898 3961 5003 6107 6855 8059 
417 2015 2939 3754 4780 5244 6408 7964 
154 1256 2980 3547 4557 5405 6985 7869 
915 1521 3021 3340 4334 5566 6538 7774 
652 1786 3062 3133 4111 5727 7115 7679 
389 1027 2079 3950 4912 5888 6668 7584 
126 1292 2120 3743 4689 6049 6221 7489 
887 1557 2161 3536 4466 5186 6798 7394 
624 1822 2202 3329 4243 5347 6351 7299 
361 1063 2243 3122 5044 5508 6928 7204 
98 1328 2284 3939 4821 5669 6481 8133 
859 1593 2325 3732 4598 5830 7058 8038 
596 1858 2366 3525 4375 5991 6611 7943 
333 1099 2407 3318 4152 5128 6164 7848 
70 1364 2448 3111 4953 5289 6741 7753 
831 1629 2489 3928 4730 5450 6294 7658 
568 1894 2530 3721 4507 5611 6871 7563 
305 1135 2571 3514 4284 5772 6424 7468 
42 1400 2612 3307 5085 5933 7001 7373 
803 1665 2653 3100 4862 6094 6554 7278 
540 1930 2694 3917 4639 5231 7131 7183 
277 1171 2735 3710 4416 5392 6684 8112 
14 1436 2776 3503 4193 5553 6237 8017 
775 1701 2817 3296 4994 5714 6814 7922 
512 1966 2858 3089 4771 5875 6367 7827 
249 1207 2899 3906 4548 6036 6944 7732 
1010 1472 2940 3699 4325 5173 6497 7637 
747 1737 2981 3492 4102 5334 7074 7542 
484 2002 3022 3285 4903 5495 6627 7447 
221 1243 3063 3078 4680 5656 6180 7352 
982 1508 2080 3895 4457 5817 6757 7257 
719 1773 2121 3688 4234 5978 6310 8186 
456 2038 2162 3481 5035 6139 6887 8091 
193 1279 2203 3274 4812 5276 6440 7996 
954 1544 2244 4091 4589 5437 7017 7901 
691 1809 2285 3884 4366 5598 6570 7806 
428 1050 2326 3677 4143 5759 7147 7711 
165 1315 2367 3470 4944 5920 6700 7616 
926 1580 2408 3263 4721 6081 6253 7521 
663 1845 2449 4080 4498 5218 6830 7426 
400 1086 2490 3873 4275 5379 6383 7331 
137 1351 2531 3666 5076 5540 6960 7236 
898 1616 2572 3459 4853 5701 6513 8165 
635 1881 2613 3252 4630 5862 7090 8070 
372 1122 2654 4069 4407 6023 6643 7975 
109 1387 2695 3862 4184 5160 6196 7880 
870 1652 2736 3655 4985 5321 6773 7785 
607 1917 2777 3448 4762 5482 6326 7690 
344 1158 2818 3241 4539 5643 6903 7595 
81 1423 2859 4058 4316 5804 6456 7500 
842 1688 2900 3851 5117 5965 7033 7405 
579 1953 2941 3644 4894 6126 6586 7310 
316 1194 2982 3437 4671 5263 7163 7215 
53 1459 3023 3230 4448 5424 6716 8144 
814 1724 3064 4047 4225 5585 6269 8049 
551 1989 2081 3840 5026 5746 6846 7954 
288 1230 2122 3633 4803 5907 6399 7859 
25 1495 2163 3426 4580 6068 6976 7764 
786 1760 2204 3219 4357 5205 6529 7669 
523 2025 2245 4036 4134 5366 7106 7574 
260 1266 2286 3829 4935 5527 6659 7479 
1021 1531 2327 3622 4712 5688 6212 7384 
758 1796 2368 3415 4489 5849 6789 7289 
495 1037 2409 3208 4266 6010 6342 7194 
232 1302 2450 4025 5067 5147 6919 8123 
993 1567 2491 3818 4844 5308 6472 8028 
730 1832 2532 3611 4621 5469 7049 7933 
467 1073 2573 3404 4398 5630 6602 7838 
204 1338 2614 3197 4175 5791 6155 7743 
965 1603 2655 4014 4976 5952 6732 7648 
702 1868 2696 3807 4753 6113 6285 7553 
439 1109 2737 3600 4530 5250 6862 7458 
176 1374 2778 3393 4307 5411 6415 7363 
937 1639 2819 3186 5108 5572 6992 7268 
674 1904 2860 4003 4885 5733 6545 7173 
411 1145 2901 3796 4662 5894 7122 8102 
148 1410 2942 3589 4439 6055 6675 8007 
909 1675 2983 3382 4216 5192 6228 7912 
646 1940 3024 3175 5017 5353 6805 7817 
383 1181 3065 3992 4794 5514 6358 7722 
120 1446 2082 3785 4571 5675 6935 7627 
881 1711 2123 3578 4348 5836 6488 7532 
618 1976 2164 3371 4125 5997 7065 7437 
355 1217 2205 3164 4926 5134 6618 7342 
92 1482 2246 3981 4703 5295 6171 7247 
853 1747 2287 3774 4480 5456 6748 8176 
590 2012 2328 3567 4257 5617 6301 8081 
327 1253 2369 3360 5058 5778 6878 7986 
64 1518 2410 3153 4835 5939 6431 7891 
825 1783 2451 3970 4612 6100 7008 7796 
562 1024 2492 3763 4389 5237 6561 7701 
299 1289 2533 3556 4166 5398 7138 7606 
36 1554 2574 3349 4967 5559 6691 7511 
797 1819 2615 3142 4744 5720 6244 7416 
534 1060 2656 3959 4521 5881 6821 7321 
271 1325 2697 3752 4298 6042 6374 7226 
8 1590 2738 3545 5099 5179 6951 8155 
769 1855 2779 3338 4876 5340 6504 8060 
506 1096 2820 3131 4653 5501 7081 7965 
243 1361 2861 3948 4430 5662 6634 7870 
1004 1626 2902 3741 4207 5823 6187 7775 
741 1891 2943 3534 5008 5984 6764 7680 
478 1132 2984 3327 4785 5121 6317 7585 
215 1397 3025 3120 4562 5282 6894 7490 
976 1662 3066 3937 4339 5443 6447 7395 
713 1927 2083 3730 4116 5604 7024 7300 
450 1168 2124 3523 4917 5765 6577 7205 
187 1433 2165 3316 4694 5926 7154 8134 
948 1698 2206 3109 4471 6087 6707 8039 
685 1963 2247 3926 4248 5224 6260 7944 
422 1204 2288 3719 5049 5385 6837 7849 
159 1469 2329 3512 4826 5546 6390 7754 
920 1734 2370 3305 4603 5707 6967 7659 
657 1999 2411 3098 4380 5868 6520 7564 
394 1240 2452 3915 4157 6029 7097 7469 
131 1505 2493 3708 4958 5166 6650 7374 
892 1770 2534 3501 4735 5327 6203 7279 
629 2035 2575 3294 4512 5488 6780 7184 
366 1276 2616 3087 4289 5649 6333 8113 
103 1541 2657 3904 5090 5810 6910 8018 
864 1806 2698 3697 4867 5971 6463 7923 
601 1047 2739 3490 4644 6132 7040 7828 
338 1312 2780 3283 4421 5269 6593 7733 
75 1577 2821 3076 4198 5430 6146 7638 
836 1842 2862 3893 4999 5591 6723 7543 
573 1083 2903 3686 4776 5752 6276 7448 
310 1348 2944 3479 4553 5913 6853 7353 
47 1613 2985 3272 4330 6074 6406 7258 
808 1878 3026 4089 4107 5211 6983 8187 
545 1119 3067 3882 4908 5372 6536 8092 
282 1384 2084 3675 4685 5533 7113 7997 
19 1649 2125 3468 4462 5694 6666 7902 
780 1914 2166 3261 4239 5855 6219 7807 
517 1155 2207 4078 5040 6016 6796 7712 
254 1420 2248 3871 4817 5153 6349 7617 
1015 1685 2289 3664 4594 5314 6926 7522 
752 1950 2330 3457 4371 5475 6479 7427 
489 1191 2371 3250 4148 5636 7056 7332 
226 1456 2412 4067 4949 5797 6609 7237 
987 1721 2453 3860 4726 5958 6162 8166 
724 1986 2494 3653 4503 6119 6739 8071 
461 1227 2535 3446 4280 5256 6292 7976 
198 1492 2576 3239 5081 5417 6869 7881 
959 1757 2617 4056 4858 5578 6422 7786 
696 2022 2658 3849 4635 5739 6999 7691 
433 1263 2699 3642 4412 5900 6552 7596 
170 1528 2740 3435 4189 6061 7129 7501 
931 1793 2781 3228 4990 5198 6682 7406 
668 1034 2822 4045 4767 5359 6235 7311 
405 1299 2863 3838 4544 5520 6812 7216 
142 1564 2904 3631 4321 5681 6365 8145 
903 1829 2945 3424 4098 5842 6942 8050 
640 1070 2986 3217 4899 6003 6495 7955 
377 1335 3027 4034 4676 5140 7072 7860 
114 1600 3068 3827 4453 5301 6625 7765 
875 1865 2085 3620 4230 5462 6178 7670 
612 1106 2126 3413 5031 5623 6755 7575 
349 1371 2167 3206 4808 5784 6308 7480 
86 1636 2208 4023 4585 5945 6885 7385 
847 1901 2249 3816 4362 6106 6438 7290 
584 1142 2290 3609 4139 5243 7015 7195 
321 1407 2331 3402 4940 5404 6568 8124 
58 1672 2372 3195 4717 5565 7145 8029 
819 1937 2413 4012 4494 5726 6698 7934 
556 1178 2454 3805 4271 5887 6251 7839 
293 1443 2495 3598 5072 6048 6828 7744 
30 1708 2536 3391 4849 5185 6381 7649 
791 1973 2577 3184 4626 5346 6958 7554 
528 1214 2618 4001 4403 5507 6511 7459 
265 1479 2659 3794 4180 5668 7088 7364 
2 1744 2700 3587 4981 5829 6641 7269 
763 2009 2741 3380 4758 5990 6194 7174 
500 1250 2782 3173 4535 5127 6771 8103 
237 1515 2823 3990 4312 5288 6324 8008 
998 1780 2864 3783 5113 5449 6901 7913 
735 2045 2905 3576 4890 5610 6454 7818 
472 1286 2946 3369 4667 5771 7031 7723 
209 1551 2987 3162 4444 5932 6584 7628 
970 1816 3028 3979 4221 6093 7161 7533 
707 1057 3069 3772 5022 5230 6714 7438 
444 1322 2086 3565 4799 5391 6267 7343 
181 1587 2127 3358 4576 5552 6844 7248 
942 1852 2168 3151 4353 5713 6397 8177 
679 1093 2209 3968 4130 5874 6974 8082 
416 1358 2250 3761 4931 6035 6527 7987 
153 1623 2291 3554 4708 5172 7104 7892 
914 1888 2332 3347 4485 5333 6657 7797 
651 1129 2373 3140 4262 5494 6210 7702 
388 1394 2414 3957 5063 5655 6787 7607 
125 1659 2455 3750 4840 5816 6340 7512 
886 1924 2496 3543 4617 5977 6917 7417 
623 1165 2537 3336 4394 6138 6470 7322 
360 1430 2578 3129 4171 5275 7047 7227 
97 1695 2619 3946 4972 5436 6600 8156 
858 1960 2660 3739 4749 5597 6153 8061 
595 1201 2701 3532 4526 5758 6730 7966 
332 1466 2742 3325 4303 5919 6283 7871 
69 1731 2783 3118 5104 6080 6860 7776 
830 1996 2824 3935 4881 5217 6413 7681 
567 1237 2865 3728 4658 5378 6990 7586 
304 1502 2906 3521 4435 5539 6543 7491 
41 1767 2947 3314 4212 5700 7120 7396 
802 2032 2988 3107 5013 5861 6673 7301 
539 1273 3029 3924 4790 6022 6226 7206 
276 1538 3070 3717 4567 5159 6803 8135 
13 1803 2087 3510 4344 5320 6356 8040 
774 1044 2128 3303 4121 5481 6933 7945 
511 1309 2169 3096 4922 5642 6486 7850 
248 1574 2210 3913 4699 5803 7063 7755 
1009 1839 2251 3706 4476 5964 6616 7660 
746 1080 2292 3499 4253 6125 6169 7565 
483 1345 2333 3292 5054 5262 6746 7470 
220 1610 2374 3085 4831 5423 6299 7375 
981 1875 2415 3902 4608 5584 6876 7280 
718 1116 2456 3695 4385 5745 6429 7185 
455 1381 2497 3488 4162 5906 7006 8114 
192 1646 2538 3281 4963 6067 6559 8019 
953 1911 2579 3074 4740 5204 7136 7924 
690 1152 2620 3891 4517 5365 6689 7829 
427 1417 2661 3684 4294 5526 6242 7734 
164 1682 2702 3477 5095 5687 6819 7639 
925 1947 2743 3270 4872 5848 6372 7544 
662 1188 2784 4087 4649 6009 6949 7449 
399 1453 2825 3880 4426 5146 6502 7354 
136 1718 2866 3673 4203 5307 7079 7259 
897 1983 2907 3466 5004 5468 6632 8188 
634 1224 2948 3259 4781 5629 6185 8093 
371 1489 2989 4076 4558 5790 6762 7998 
108 1754 3030 3869 4335 5951 6315 7903 
869 2019 3071 3662 4112 6112 6892 7808 
606 1260 2088 3455 4913 5249 6445 7713 
343 1525 2129 3248 4690 5410 7022 7618 
80 1790 2170 4065 4467 5571 6575 7523 
841 1031 2211 3858 4244 5732 7152 7428 
578 1296 2252 3651 5045 5893 6705 7333 
315 1561 2293 3444 4822 6054 6258 7238 
52 1826 2334 3237 4599 5191 6835 8167 
813 1067 2375 4054 4376 5352 6388 8072 
550 1332 2416 3847 4153 5513 6965 7977 
287 1597 2457 3640 4954 5674 6518 7882 
24 1862 2498 3433 4731 5835 7095 7787 
785 1103 2539 3226 4508 5996 6648 7692 
522 1368 2580 4043 4285 5133 6201 7597 
259 1633 2621 3836 5086 5294 6778 7502 
1020 1898 2662 3629 4863 5455 6331 7407 
757 1139 2703 3422 4640 5616 6908 7312 
494 1404 2744 3215 4417 5777 6461 7217 
231 1669 2785 4032 4194 5938 7038 8146 
992 1934 2826 3825 4995 6099 6591 8051 
729 1175 2867 3618 4772 5236 6144 7956 
466 1440 2908 3411 4549 5397 6721 7861 
203 1705 2949 3204 4326 5558 6274 7766 
964 1970 2990 4021 4103 5719 6851 7671 
701 1211 3031 3814 4904 5880 6404 7576 
438 1476 2048 3607 4681 6041 6981 7481 
175 1741 2089 3400 4458 5178 6534 7386 
936 2006 2130 3193 4235 5339 7111 7291 
673 1247 2171 4010 5036 5500 6664 7196 
410 1512 2212 3803 4813 5661 6217 8125 
147 1777 2253 3596 4590 5822 6794 8030 
908 2042 2294 3389 4367 5983 6347 7935 
645 1283 2335 3182 4144 5120 6924 7840 
382 1548 2376 3999 4945 5281 6477 7745 
119 1813 2417 3792 4722 5442 7054 7650 
880 1054 2458 3585 4499 5603 6607 7555 
617 1319 2499 3378 4276 5764 6160 7460 
354 1584 2540 3171 5077 5925 6737 7365 
91 1849 2581 3988 4854 6086 6290 7270 
852 1090 2622 3781 4631 5223 6867 7175 
589 1355 2663 3574 4408 5384 6420 8104 
326 1620 2704 3367 4185 5545 6997 8009 
63 1885 2745 3160 4986 5706 6550 7914 
824 1126 2786 3977 4763 5867 7127 7819 
561 1391 2827 3770 4540 6028 6680 7724 
298 1656 2868 3563 4317 5165 6233 7629 
35 1921 2909 3356 5118 5326 6810 7534 
796 1162 2950 3149 4895 5487 6363 7439 
533 1427 2991 3966 4672 5648 6940 7344 
270 1692 3032 3759 4449 5809 6493 7249 
7 1957 2049 3552 4226 5970 7070 8178 
768 1198 2090 3345 5027 6131 6623 8083 
505 1463 2131 3138 4804 5268 6176 7988 
242 1728 2172 3955 4581 5429 6753 7893 
1003 1993 2213 3748 4358 5590 6306 7798 
740 1234 2254 3541 4135 5751 6883 7703 
477 1499 2295 3334 4936 5912 6436 7608 
214 1764 2336 3127 4713 6073 7013 7513 
975 2029 2377 3944 4490 5210 6566 7418 
712 1270 2418 3737 4267 5371 7143 7323 
449 1535 2459 3530 5068 5532 6696 7228 
186 1800 2500 3323 4845 5693 6249 8157 
947 1041 2541 3116 4622 5854 6826 8062 
684 1306 2582 3933 4399 6015 6379 7967 
421 1571 2623 3726 4176 5152 6956 7872 
158 1836 2664 3519 4977 5313 6509 7777 
919 1077 2705 3312 4754 5474 7086 7682 
656 1342 2746 3105 4531 5635 6639 7587 
393 1607 2787 3922 4308 5796 6192 7492 
130 1872 2828 3715 5109 5957 6769 7397 
891 1113 2869 3508 4886 6118 6322 7302 
628 1378 2910 3301 4663 5255 6899 7207 
365 1643 2951 3094 4440 5416 6452 8136 
102 1908 2992 3911 4217 5577 7029 8041 
863 1149 3033 3704 5018 5738 6582 7946 
600 1414 2050 3497 4795 5899 7159 7851 
337 1679 2091 3290 4572 6060 6712 7756 
74 1944 2132 3083 4349 5197 6265 7661 
835 1185 2173 3900 4126 5358 6842 7566 
572 1450 2214 3693 4927 5519 6395 7471 
309 1715 2255 3486 4704 5680 6972 7376 
46 1980 2296 3279 4481 5841 6525 7281 
807 1221 2337 3072 4258 6002 7102 7186 
544 1486 2378 3889 5059 5139 6655 8115 
281 1751 2419 3682 4836 5300 6208 8020 
18 2016 2460 3475 4613 5461 6785 7925 
779 1257 2501 3268 4390 5622 6338 7830 
516 1522 2542 4085 4167 5783 6915 7735 
253 1787 2583 3878 4968 5944 6468 7640 
1014 1028 2624 3671 4745 6105 7045 7545 
751 1293 2665 3464 4522 5242 6598 7450 
488 1558 2706 3257 4299 5403 6151 7355 
225 1823 2747 4074 5100 5564 6728 7260 
986 1064 2788 3867 4877 5725 6281 8189 
723 1329 2829 3660 4654 5886 6858 8094 
460 1594 2870 3453 4431 6047 6411 7999 
197 1859 2911 3246 4208 5184 6988 7904 
958 1100 2952 4063 5009 5345 6541 7809 
695 1365 2993 3856 4786 5506 7118 7714 
432 1630 3034 3649 4563 5667 6671 7619 
169 1895 2051 3442 4340 5828 6224 7524 
930 1136 2092 3235 4117 5989 6801 7429 
667 1401 2133 4052 4918 5126 6354 7334 
404 1666 2174 3845 4695 5287 6931 7239 
141 1931 2215 3638 4472 5448 6484 8168 
902 1172 2256 3431 4249 5609 7061 8073 
639 1437 2297 3224 5050 5770 6614 7978 
376 1702 2338 4041 4827 5931 6167 7883 
113 1967 2379 3834 4604 6092 6744 7788 
874 1208 2420 3627 4381 5229 6297 7693 
611 1473 2461 3420 4158 5390 6874 7598 
348 1738 2502 3213 4959 5551 6427 7503 
85 2003 2543 4030 4736 5712 7004 7408 
846 1244 2584 3823 4513 5873 6557 7313 
583 1509 2625 3616 4290 6034 7134 7218 
320 1774 2666 3409 5091 5171 6687 8147 
57 2039 2707 3202 4868 5332 6240 8052 
818 1280 2748 4019 4645 5493 6817 7957 
555 1545 2789 3812 4422 5654 6370 7862 
292 1810 2830 3605 4199 5815 6947 7767 
29 1051 2871 3398 5000 5976 6500 7672 
790 1316 2912 3191 4777 6137 7077 7577 
527 1581 2953 4008 4554 5274 6630 7482 
264 1846 2994 3801 4331 5435 6183 7387 
1 1087 3035 3594 4108 5596 6760 7292 
762 1352 2052 3387 4909 5757 6313 7197 
499 1617 2093 3180 4686 5918 6890 8126 
236 1882 2134 3997 4463 6079 6443 8031 
997 1123 2175 3790 4240 5216 7020 7936 
734 1388 2216 3583 5041 5377 6573 7841 
471 1653 2257 3376 4818 5538 7150 7746 
208 1918 2298 3169 4595 5699 6703 7651 
969 1159 2339 3986 4372 5860 6256 7556 
706 1424 2380 3779 4149 6021 6833 7461 
443 1689 2421 3572 4950 5158 6386 7366 
180 1954 2462 3365 4727 5319 6963 7271 
941 1195 2503 3158 4504 5480 6516 7176 
678 1460 2544 3975 4281 5641 7093 8105 
415 1725 2585 3768 5082 5802 6646 8010 
152 1990 2626 3561 4859 5963 6199 7915 
913 1231 2667 3354 4636 6124 6776 7820 
650 1496 2708 3147 4413 5261 6329 7725 
387 1761 2749 3964 4190 5422 6906 7630 
124 2026 2790 3757 4991 5583 6459 7535 
885 1267 2831 3550 4768 5744 7036 7440 
622 1532 2872 3343 4545 5905 6589 7345 
359 1797 2913 3136 4322 6066 7166 7250 
96 1038 2954 3953 4099 5203 6719 8179 
857 1303 2995 3746 4900 5364 6272 8084 
594 1568 3036 3539 4677 5525 6849 7989 
331 1833 2053 3332 4454 5686 6402 7894 
68 1074 2094 3125 4231 5847 6979 7799 
829 1339 2135 3942 5032 6008 6532 7704 
566 1604 2176 3735 4809 5145 7109 7609 
303 1869 2217 3528 4586 5306 6662 7514 
40 1110 2258 3321 4363 5467 6215 7419 
801 1375 2299 3114 4140 5628 6792 7324 
538 1640 2340 3931 4941 5789 6345 7229 
275 1905 2381 3724 4718 5950 6922 8158 
12 1146 2422 3517 4495 6111 6475 8063 
773 1411 2463 3310 4272 5248 7052 7968 
510 1676 2504 3103 5073 5409 6605 7873 
247 1941 2545 3920 4850 5570 6158 7778 
1008 1182 2586 3713 4627 5731 6735 7683 
745 1447 2627 3506 4404 5892 6288 7588 
482 1712 2668 3299 4181 6053 6865 7493 
219 1977 2709 3092 4982 5190 6418 7398 
980 1218 2750 3909 4759 5351 6995 7303 
717 1483 2791 3702 4536 5512 6548 7208 
454 1748 2832 3495 4313 5673 7125 8137 
191 2013 2873 3288 5114 5834 6678 8042 
952 1254 2914 3081 4891 5995 6231 7947 
689 1519 2955 3898 4668 5132 6808 7852 
426 1784 2996 3691 4445 5293 6361 7757 
163 1025 3037 3484 4222 5454 6938 7662 
924 1290 2054 3277 5023 5615 6491 7567 
661 1555 2095 4094 4800 5776 7068 7472 
398 1820 2136 3887 4577 5937 6621 7377 
135 1061 2177 3680 4354 6098 6174 7282 
896 1326 2218 3473 4131 5235 6751 7187 
633 1591 2259 3266 4932 5396 6304 8116 
370 1856 2300 4083 4709 5557 6881 8021 
107 1097 2341 3876 4486 5718 6434 7926 
868 1362 2382 3669 4263 5879 7011 7831 
605 1627 2423 3462 5064 6040 6564 7736 
342 1892 2464 3255 4841 5177 7141 7641 
79 1133 2505 4072 4618 5338 6694 7546 
840 1398 2546 3865 4395 5499 6247 7451 
577 1663 2587 3658 4172 5660 6824 7356 
314 1928 2628 3451 4973 5821 6377 7261 
51 1169 2669 3244 4750 5982 6954 8190 
812 1434 2710 4061 4527 6143 6507 8095 
549 1699 2751 3854 4304 5280 7084 8000 
286 1964 2792 3647 5105 5441 6637 7905 
23 1205 2833 3440 4882 5602 6190 7810 
784 1470 2874 3233 4659 5763 6767 7715 
521 1735 2915 4050 4436 5924 6320 7620 
258 2000 2956 3843 4213 6085 6897 7525 
1019 1241 2997 3636 5014 5222 6450 7430 
756 1506 3038 3429 4791 5383 7027 7335 
493 1771 2055 3222 4568 5544 6580 7240 
230 2036 2096 4039 4345 5705 7157 8169 
991 1277 2137 3832 4122 5866 6710 8074 
728 1542 2178 3625 4923 6027 6263 7979 
346 1489 2831 3243 4812 5724 6188 7864 
139 1226 2072 3284 4717 5501 6349 7417 
956 1987 2337 3325 4622 5278 6510 7994 
749 1724 2602 3366 4527 6079 6671 7547 
542 1461 2867 3407 4432 5856 6832 8124 
335 1198 2108 3448 4337 5633 6993 7677 
128 1959 2373 3489 4242 5410 7154 7230 
945 1696 2638 3530 4147 5187 6291 7807 
738 1433 2903 3571 5076 5988 6452 7360 
531 1170 2144 3612 4981 5765 6613 7937 
324 1931 2409 3653 4886 5542 6774 7490 
117 1668 2674 3694 4791 5319 6935 8067 
934 1405 2939 3735 4696 6120 7096 7620 
727 1142 2180 3776 4601 5897 6233 7173 
520 1903 2445 3817 4506 5674 6394 7750 
313 1640 2710 3858 4411 5451 6555 7303 
106 1377 2975 3899 4316 5228 6716 7880 
923 1114 2216 3940 4221 6029 6877 7433 
716 1875 2481 3981 4126 5806 7038 8010 
509 1612 2746 4022 5055 5583 6175 7563 
302 1349 3011 4063 4960 5360 6336 8140 
95 1086 2252 3080 4865 5137 6497 7693 
912 1847 2517 3121 4770 5938 6658 7246 
705 1584 2782 3162 4675 5715 6819 7823 
498 1321 3047 3203 4580 5492 6980 7376 
291 1058 2288 3244 4485 5269 7141 7953 
84 1819 2553 3285 4390 6070 6278 7506 
901 1556 2818 3326 4295 5847 6439 8083 
694 1293 2059 3367 4200 5624 6600 7636 
487 1030 2324 3408 4105 5401 6761 7189 
280 1791 2589 3449 5034 5178 6922 7766 
73 1528 2854 3490 4939 5979 7083 7319 
890 1265 2095 3531 4844 5756 6220 7896 
683 2026 2360 3572 4749 5533 6381 7449 
476 1763 2625 3613 4654 5310 6542 8026 
269 1500 2890 3654 4559 6111 6703 7579 
62 1237 2131 3695 4464 5888 6864 8156 
879 1998 2396 3736 4369 5665 7025 7709 
672 1735 2661 3777 4274 5442 6162 7262 
465 1472 2926 3818 4179 5219 6323 7839 
258 1209 2167 3859 5108 6020 6484 7392 
51 1970 2432 3900 5013 5797 6645 7969 
868 1707 2697 3941 4918 5574 6806 7522 
661 1444 2962 3982 4823 5351 6967 8099 
454 1181 2203 4023 4728 5128 7128 7652 
247 1942 2468 4064 4633 5929 6265 7205 
40 1679 2733 3081 4538 5706 6426 7782 
857 1416 2998 3122 4443 5483 6587 7335 
650 1153 2239 3163 4348 5260 6748 7912 
443 1914 2504 3204 4253 6061 6909 7465 
236 1651 2769 3245 4158 5838 7070 8042 
29 1388 3034 3286 5087 5615 6207 7595 
846 1125 2275 3327 4992 5392 6368 8172 
639 1886 2540 3368 4897 5169 6529 7725 
432 1623 2805 3409 4802 5970 6690 7278 
225 1360 3070 3450 4707 5747 6851 7855 
18 1097 2311 3491 4612 5524 7012 7408 
835 1858 2576 3532 4517 5301 6149 7985 
628 1595 2841 3573 4422 6102 6310 7538 
421 1332 2082 3614 4327 5879 6471 8115 
214 1069 2347 3655 4232 5656 6632 7668 
7 1830 2612 3696 4137 5433 6793 7221 
824 1567 2877 3737 5066 5210 6954 7798 
617 1304 2118 3778 4971 6011 7115 7351 
410 1041 2383 3819 4876 5788 6252 7928 
203 1802 2648 3860 4781 5565 6413 7481 
1020 1539 2913 3901 4686 5342 6574 8058 
813 1276 2154 3942 4591 6143 6735 7611 
606 2037 2419 3983 4496 5920 6896 8188 
399 1774 2684 4024 4401 5697 7057 7741 
192 1511 2949 4065 4306 5474 6194 7294 
1009 1248 2190 3082 4211 5251 6355 7871 
802 2009 2455 3123 4116 6052 6516 7424 
595 1746 2720 3164 5045 5829 6677 8001 
388 1483 2985 3205 4950 5606 6838 7554 
181 1220 2226 3246 4855 5383 6999 8131 
998 1981 2491 3287 4760 5160 7160 7684 
791 1718 2756 3328 4665 5961 6297 7237 
584 1455 3021 3369 4570 5738 6458 7814 
377 1192 2262 3410 4475 5515 6619 7367 
170 1953 2527 3451 4380 5292 6780 7944 
987 1690 2792 3492 4285 6093 6941 7497 
780 1427 3057 3533 4190 5870 7102 8074 
573 1164 2298 3574 5119 5647 6239 7627 
366 1925 2563 3615 5024 5424 6400 7180 
159 1662 2828 3656 4929 5201 6561 7757 
976 1399 2069 3697 4834 6002 6722 7310 
769 1136 2334 3738 4739 5779 6883 7887 
562 1897 2599 3779 4644 5556 7044 7440 
355 1634 2864 3820 4549 5333 6181 8017 
148 1371 2105 3861 4454 6134 6342 7570 
965 1108 2370 3902 4359 5911 6503 8147 
758 1869 2635 3943 4264 5688 6664 7700 
551 1606 2900 3984 4169 5465 6825 7253 
344 1343 2141 4025 5098 5242 6986 7830 
137 1080 2406 4066 5003 6043 7147 7383 
954 1841 2671 3083 4908 5820 6284 7960 
747 1578 2936 3124 4813 5597 6445 7513 
540 1315 2177 3165 4718 5374 6606 8090 
333 1052 2442 3206 4623 5151 6767 7643 
126 1813 2707 3247 4528 5952 6928 7196 
943 1550 2972 3288 4433 5729 7089 7773 
736 1287 2213 3329 4338 5506 6226 7326 
529 1024 2478 3370 4243 5283 6387 7903 
322 1785 2743 3411 4148 6084 6548 7456 
115 1522 3008 3452 5077 5861 6709 8033 
932 1259 2249 3493 4982 5638 6870 7586 
725 2020 2514 3534 4887 5415 7031 8163 
518 1757 2779 3575 4792 5192 6168 7716 
311 1494 3044 3616 4697 5993 6329 7269 
104 1231 2285 3657 4602 5770 6490 7846 
921 1992 2550 3698 4507 5547 6651 7399 
714 1729 2815 3739 4412 5324 6812 7976 
507 1466 2056 3780 4317 6125 6973 7529 
300 1203 2321 3821 4222 5902 7134 8106 
93 1964 2586 3862 4127 5679 6271 7659 
910 1701 2851 3903 5056 5456 6432 7212 
703 1438 2092 3944 4961 5233 6593 7789 
496 1175 2357 3985 4866 6034 6754 7342 
289 1936 2622 4026 4771 5811 6915 7919 
82 1673 2887 4067 4676 5588 7076 7472 
899 1410 2128 3084 4581 5365 6213 8049 
692 1147 2393 3125 4486 5142 6374 7602 
485 1908 2658 3166 4391 5943 6535 8179 
278 1645 2923 3207 4296 5720 6696 7732 
71 1382 2164 3248 4201 5497 6857 7285 
888 1119 2429 3289 4106 5274 7018 7862 
681 1880 2694 3330 5035 6075 6155 7415 
474 1617 2959 3371 4940 5852 6316 7992 
267 1354 2200 3412 4845 5629 6477 7545 
60 1091 2465 3453 4750 5406 6638 8122 
877 1852 2730 3494 4655 5183 6799 7675 
670 1589 2995 3535 4560 5984 6960 7228 
463 1326 2236 3576 4465 5761 7121 7805 
256 1063 2501 3617 4370 5538 6258 7358 
49 1824 2766 3658 4275 5315 6419 7935 
866 1561 3031 3699 4180 6116 6580 7488 
659 1298 2272 3740 5109 5893 6741 8065 
452 1035 2537 3781 5014 5670 6902 7618 
245 1796 2802 3822 4919 5447 7063 7171 
38 1533 3067 3863 4824 5224 6200 7748 
855 1270 2308 3904 4729 6025 6361 7301 
648 2031 2573 3945 4634 5802 6522 7878 
441 1768 2838 3986 4539 5579 6683 7431 
234 1505 2079 4027 4444 5356 6844 8008 
27 1242 2344 4068 4349 5133 7005 7561 
844 2003 2609 3085 4254 5934 7166 8138 
637 1740 2874 3126 4159 5711 6303 7691 
430 1477 2115 3167 5088 5488 6464 7244 
223 1214 2380 3208 4993 5265 6625 7821 
16 1975 2645 3249 4898 6066 6786 7374 
833 1712 2910 3290 4803 5843 6947 7951 
626 1449 2151 3331 4708 5620 7108 7504 
419 1186 2416 3372 4613 5397 6245 8081 
212 1947 2681 3413 4518 5174 6406 7634 
5 1684 2946 3454 4423 5975 6567 7187 
822 1421 2187 3495 4328 5752 6728 7764 
615 1158 2452 3536 4233 5529 6889 7317 
408 1919 2717 3577 4138 5306 7050 7894 
201 1656 2982 3618 5067 6107 6187 7447 
1018 1393 2223 3659 4972 5884 6348 8024 
811 1130 2488 3700 4877 5661 6509 7577 
604 1891 2753 3741 4782 5438 6670 8154 
397 1628 3018 3782 4687 5215 6831 7707 
190 1365 2259 3823 4592 6016 6992 7260 
1007 1102 2524 3864 4497 5793 7153 7837 
800 1863 2789 3905 4402 5570 6290 7390 
593 1600 3054 3946 4307 5347 6451 7967 
386 1337 2295 3987 4212 5124 6612 7520 
179 1074 2560 4028 4117 5925 6773 8097 
996 1835 2825 4069 5046 5702 6934 7650 
789 1572 2066 3086 4951 5479 7095 7203 
582 1309 2331 3127 4856 5256 6232 7780 
375 1046 2596 3168 4761 6057 6393 7333 
168 1807 2861 3209 4666 5834 6554 7910 
985 1544 2102 3250 4571 5611 6715 7463 
778 1281 2367 3291 4476 5388 6876 8040 
571 2042 2632 3332 4381 5165 7037 7593 
364 1779 2897 3373 4286 5966 6174 8170 
157 1516 2138 3414 4191 5743 6335 7723 
974 1253 2403 3455 4096 5520 6496 7276 
767 2014 2668 3496 5025 5297 6657 7853 
560 1751 2933 3537 4930 6098 6818 7406 
353 1488 2174 3578 4835 5875 6979 7983 
146 1225 2439 3619 4740 5652 7140 7536 
963 1986 2704 3660 4645 5429 6277 8113 
756 1723 2969 3701 4550 5206 6438 7666 
549 1460 2210 3742 4455 6007 6599 7219 
342 1197 2475 3783 4360 5784 6760 7796 
135 1958 2740 3824 4265 5561 6921 7349 
952 1695 3005 3865 4170 5338 7082 7926 
745 1432 2246 3906 5099 6139 6219 7479 
538 1169 2511 3947 5004 5916 6380 8056 
331 1930 2776 3988 4909 5693 6541 7609 
124 1667 3041 4029 4814 5470 6702 8186 
941 1404 2282 4070 4719 5247 6863 7739 
734 1141 2547 3087 4624 6048 7024 7292 
527 1902 2812 3128 4529 5825 6161 7869 
320 1639 2053 3169 4434 5602 6322 7422 
113 1376 2318 3210 4339 5379 6483 7999 
930 1113 2583 3251 4244 5156 6644 7552 
723 1874 2848 3292 4149 5957 6805 8129 
516 1611 2089 3333 5078 5734 6966 7682 
309 1348 2354 3374 4983 5511 7127 7235 
102 1085 2619 3415 4888 5288 6264 7812 
919 1846 2884 3456 4793 6089 6425 7365 
712 1583 2125 3497 4698 5866 6586 7942 
505 1320 2390 3538 4603 5643 6747 7495 
298 1057 2655 3579 4508 5420 6908 8072 
91 1818 2920 3620 4413 5197 7069 7625 
908 1555 2161 3661 4318 5998 6206 7178 
701 1292 2426 3702 4223 5775 6367 7755 
494 1029 2691 3743 4128 5552 6528 7308 
287 1790 2956 3784 5057 5329 6689 7885 
80 1527 2197 3825 4962 6130 6850 7438 
897 1264 2462 3866 4867 5907 7011 8015 
690 2025 2727 3907 4772 5684 6148 7568 
483 1762 2992 3948 4677 5461 6309 8145 
276 1499 2233 3989 4582 5238 6470 7698 
69 1236 2498 4030 4487 6039 6631 7251 
886 1997 2763 4071 4392 5816 6792 7828 
679 1734 3028 3088 4297 5593 6953 7381 
472 1471 2269 3129 4202 5370 7114 7958 
265 1208 2534 3170 4107 5147 6251 7511 
58 1969 2799 3211 5036 5948 6412 8088 
875 1706 3064 3252 4941 5725 6573 7641 
668 1443 2305 3293 4846 5502 6734 7194 
461 1180 2570 3334 4751 5279 6895 7771 
254 1941 2835 3375 4656 6080 7056 7324 
47 1678 2076 3416 4561 5857 6193 7901 
864 1415 2341 3457 4466 5634 6354 7454 
657 1152 2606 3498 4371 5411 6515 8031 
450 1913 2871 3539 4276 5188 6676 7584 
243 1650 2112 3580 4181 5989 6837 8161 
36 1387 2377 3621 5110 5766 6998 7714 
853 1124 2642 3662 5015 5543 7159 7267 
646 1885 2907 3703 4920 5320 6296 7844 
439 1622 2148 3744 4825 6121 6457 7397 
232 1359 2413 3785 4730 5898 6618 7974 
25 1096 2678 3826 4635 5675 6779 7527 
842 1857 2943 3867 4540 5452 6940 8104 
635 1594 2184 3908 4445 5229 7101 7657 
428 1331 2449 3949 4350 6030 6238 7210 
221 1068 2714 3990 4255 5807 6399 7787 
14 1829 2979 4031 4160 5584 6560 7340 
831 1566 2220 4072 5089 5361 6721 7917 
624 1303 2485 3089 4994 5138 6882 7470 
417 1040 2750 3130 4899 5939 7043 8047 
210 1801 3015 3171 4804 5716 6180 7600 
3 1538 2256 3212 4709 5493 6341 8177 
820 1275 2521 3253 4614 5270 6502 7730 
613 2036 2786 3294 4519 6071 6663 7283 
406 1773 3051 3335 4424 5848 6824 7860 
199 1510 2292 3376 4329 5625 6985 7413 
1016 1247 2557 3417 4234 5402 7146 7990 
809 2008 2822 3458 4139 5179 6283 7543 
602 1745 2063 3499 5068 5980 6444 8120 
395 1482 2328 3540 4973 5757 6605 7673 
188 1219 2593 3581 4878 5534 6766 7226 
1005 1980 2858 3622 4783 5311 6927 7803 
798 1717 2099 3663 4688 6112 7088 7356 
591 1454 2364 3704 4593 5889 6225 7933 
384 1191 2629 3745 4498 5666 6386 7486 
177 1952 2894 3786 4403 5443 6547 8063 
994 1689 2135 3827 4308 5220 6708 7616 
787 1426 2400 3868 4213 6021 6869 7169 
580 1163 2665 3909 4118 5798 7030 7746 
373 1924 2930 3950 5047 5575 6167 7299 
166 1661 2171 3991 4952 5352 6328 7876 
983 1398 2436 4032 4857 5129 6489 7429 
776 1135 2701 4073 4762 5930 6650 8006 
569 1896 2966 3090 4667 5707 6811 7559 
362 1633 2207 3131 4572 5484 6972 8136 
155 1370 2472 3172 4477 5261 7133 7689 
972 1107 2737 3213 4382 6062 6270 7242 
765 1868 3002 3254 4287 5839 6431 7819 
558 1605 2243 3295 4192 5616 6592 7372 
351 1342 2508 3336 4097 5393 6753 7949 
144 1079 2773 3377 5026 5170 6914 7502 
961 1840 3038 3418 4931 5971 7075 8079 
754 1577 2279 3459 4836 5748 6212 7632 
547 1314 2544 3500 4741 5525 6373 7185 
340 1051 2809 3541 4646 5302 6534 7762 
133 1812 2050 3582 4551 6103 6695 7315 
950 1549 2315 3623 4456 5880 6856 7892 
743 1286 2580 3664 4361 5657 7017 7445 
536 2047 2845 3705 4266 5434 6154 8022 
329 1784 2086 3746 4171 5211 6315 7575 
122 1521 2351 3787 5100 6012 6476 8152 
939 1258 2616 3828 5005 5789 6637 7705 
732 2019 2881 3869 4910 5566 6798 7258 
525 1756 2122 3910 4815 5343 6959 7835 
318 1493 2387 3951 4720 5120 7120 7388 
111 1230 2652 3992 4625 5921 6257 7965 
928 1991 2917 4033 4530 5698 6418 7518 
721 1728 2158 4074 4435 5475 6579 8095 
514 1465 2423 3091 4340 5252 6740 7648 
307 1202 2688 3132 4245 6053 6901 7201 
100 1963 2953 3173 4150 5830 7062 7778 
917 1700 2194 3214 5079 5607 6199 7331 
710 1437 2459 3255 4984 5384 6360 7908 
503 1174 2724 3296 4889 5161 6521 7461 
296 1935 2989 3337 4794 5962 6682 8038 
89 1672 2230 3378 4699 5739 6843 7591 
906 1409 2495 3419 4604 5516 7004 8168 
699 1146 2760 3460 4509 5293 7165 7721 
492 1907 3025 3501 4414 6094 6302 7274 
285 1644 2266 3542 4319 5871 6463 7851 
78 1381 2531 3583 4224 5648 6624 7404 
895 1118 2796 3624 4129 5425 6785 7981 
688 1879 3061 3665 5058 5202 6946 7534 
481 1616 2302 3706 4963 6003 7107 8111 
274 1353 2567 3747 4868 5780 6244 7664 
67 1090 2832 3788 4773 5557 6405 7217 
884 1851 2073 3829 4678 5334 6566 7794 
677 1588 2338 3870 4583 6135 6727 7347 
470 1325 2603 3911 4488 5912 6888 7924 
263 1062 2868 3952 4393 5689 7049 7477 
56 1823 2109 3993 4298 5466 6186 8054 
873 1560 2374 4034 4203 5243 6347 7607 
666 1297 2639 4075 4108 6044 6508 8184 
459 1034 2904 3092 5037 5821 6669 7737 
252 1795 2145 3133 4942 5598 6830 7290 
45 1532 2410 3174 4847 5375 6991 7867 
862 1269 2675 3215 4752 5152 7152 7420 
655 2030 2940 3256 4657 5953 6289 7997 
448 1767 2181 3297 4562 5730 6450 7550 
241 1504 2446 3338 4467 5507 6611 8127 
34 1241 2711 3379 4372 5284 6772 7680 
851 2002 2976 3420 4277 6085 6933 7233 
644 1739 2217 3461 4182 5862 7094 7810 
437 1476 2482 3502 5111 5639 6231 7363 
230 1213 2747 3543 5016 5416 6392 7940 
23 1974 3012 3584 4921 5193 6553 7493 
840 1711 2253 3625 4826 5994 6714 8070 
633 1448 2518 3666 4731 5771 6875 7623 
426 1185 2783 3707 4636 5548 7036 7176 
219 1946 3048 3748 4541 5325 6173 7753 
12 1683 2289 3789 4446 6126 6334 7306 
829 1420 2554 3830 4351 5903 6495 7883 
622 1157 2819 3871 4256 5680 6656 7436 
415 1918 2060 3912 4161 5457 6817 8013 
208 1655 2325 3953 5090 5234 6978 7566 
1 1392 2590 3994 4995 6035 7139 8143 
818 1129 2855 4035 4900 5812 6276 7696 
611 1890 2096 4076 4805 5589 6437 7249 
404 1627 2361 3093 4710 5366 6598 7826 
197 1364 2626 3134 4615 5143 6759 7379 
1014 1101 2891 3175 4520 5944 6920 7956 
807 1862 2132 3216 4425 5721 7081 7509 
600 1599 2397 3257 4330 5498 6218 8086 
393 1336 2662 3298 4235 5275 6379 7639 
186 1073 2927 3339 4140 6076 6540 7192 
1003 1834 2168 3380 5069 5853 6701 7769 
796 1571 2433 3421 4974 5630 6862 7322 
589 1308 2698 3462 4879 5407 7023 7899 
382 1045 2963 3503 4784 5184 6160 7452 
175 1806 2204 3544 4689 5985 6321 8029 
992 1543 2469 3585 4594 5762 6482 7582 
785 1280 2734 3626 4499 5539 6643 8159 
578 2041 2999 3667 4404 5316 6804 7712 
371 1778 2240 3708 4309 6117 6965 7265 
164 1515 2505 3749 4214 5894 7126 7842 
981 1252 2770 3790 4119 5671 6263 7395 
774 2013 3035 3831 5048 5448 6424 7972 
567 1750 2276 3872 4953 5225 6585 7525 
360 1487 2541 3913 4858 6026 6746 8102 
153 1224 2806 3954 4763 5803 6907 7655 
970 1985 3071 3995 4668 5580 7068 7208 
763 1722 2312 4036 4573 5357 6205 7785 
556 1459 2577 4077 4478 5134 6366 7338 
349 1196 2842 3094 4383 5935 6527 7915 
142 1957 2083 3135 4288 5712 6688 7468 
959 1694 2348 3176 4193 5489 6849 8045 
752 1431 2613 3217 4098 5266 7010 7598 
545 1168 2878 3258 5027 6067 6147 8175 
338 1929 2119 3299 4932 5844 6308 7728 
131 1666 2384 3340 4837 5621 6469 7281 
948 1403 2649 3381 4742 5398 6630 7858 
741 1140 2914 3422 4647 5175 6791 7411 
534 1901 2155 3463 4552 5976 6952 7988 
327 1638 2420 3504 4457 5753 7113 7541 
120 1375 2685 3545 4362 5530 6250 8118 
937 1112 2950 3586 4267 5307 6411 7671 
730 1873 2191 3627 4172 6108 6572 7224 
523 1610 2456 3668 5101 5885 6733 7801 
316 1347 2721 3709 5006 5662 6894 7354 
109 1084 2986 3750 4911 5439 7055 7931 
926 1845 2227 3791 4816 5216 6192 7484 
719 1582 2492 3832 4721 6017 6353 8061 
512 1319 2757 3873 4626 5794 6514 7614 
305 1056 3022 3914 4531 5571 6675 8191 
98 1817 2263 3955 4436 5348 6836 7744 
915 1554 2528 3996 4341 5125 6997 7297 
708 1291 2793 4037 4246 5926 7158 7874 
501 1028 3058 4078 4151 5703 6295 7427 
294 1789 2299 3095 5080 5480 6456 8004 
87 1526 2564 3136 4985 5257 6617 7557 
904 1263 2829 3177 4890 6058 6778 8134 
697 2024 2070 3218 4795 5835 6939 7687 
490 1761 2335 3259 4700 5612 7100 7240 
283 1498 2600 3300 4605 5389 6237 7817 
76 1235 2865 3341 4510 5166 6398 7370 
893 1996 2106 3382 4415 5967 6559 7947 
686 1733 2371 3423 4320 5744 6720 7500 
479 1470 2636 3464 4225 5521 6881 8077 
272 1207 2901 3505 4130 5298 7042 7630 
65 1968 2142 3546 5059 6099 6179 7183 
882 1705 2407 3587 4964 5876 6340 7760 
675 1442 2672 3628 4869 5653 6501 7313 
468 1179 2937 3669 4774 5430 6662 7890 
261 1940 2178 3710 4679 5207 6823 7443 
54 1677 2443 3751 4584 6008 6984 8020 
871 1414 2708 3792 4489 5785 7145 7573 
664 1151 2973 3833 4394 5562 6282 8150 
457 1912 2214 3874 4299 5339 6443 7703 
250 1649 2479 3915 4204 6140 6604 7256 
43 1386 2744 3956 4109 5917 6765 7833 
860 1123 3009 3997 5038 5694 6926 7386 
653 1884 2250 4038 4943 5471 7087 7963 
446 1621 2515 4079 4848 5248 6224 7516 
239 1358 2780 3096 4753 6049 6385 8093 
32 1095 3045 3137 4658 5826 6546 7646 
849 1856 2286 3178 4563 5603 6707 7199 
642 1593 2551 3219 4468 5380 6868 7776 
435 1330 2816 3260 4373 5157 7029 7329 
228 1067 2057 3301 4278 5958 6166 7906 
21 1828 2322 3342 4183 5735 6327 7459 
838 1565 2587 3383 5112 5512 6488 8036 
631 1302 2852 3424 5017 5289 6649 7589 
424 1039 2093 3465 4922 6090 6810 8166 
217 1800 2358 3506 4827 5867 6971 7719 
10 1537 2623 3547 4732 5644 7132 7272 
827 1274 2888 3588 4637 5421 6269 7849 
620 2035 2129 3629 4542 5198 6430 7402 
413 1772 2394 3670 4447 5999 6591 7979 
206 1509 2659 3711 4352 5776 6752 7532 
1023 1246 2924 3752 4257 5553 6913 8109 
816 2007 2165 3793 4162 5330 7074 7662 
609 1744 2430 3834 5091 6131 6211 7215 
402 1481 2695 3875 4996 5908 6372 7792 
195 1218 2960 3916 4901 5685 6533 7345 
1012 1979 2201 3957 4806 5462 6694 7922 
805 1716 2466 3998 4711 5239 6855 7475 
598 1453 2731 4039 4616 6040 7016 8052 
391 1190 2996 4080 4521 5817 6153 7605 
184 1951 2237 3097 4426 5594 6314 8182 
1001 1688 2502 3138 4331 5371 6475 7735 
794 1425 2767 3179 4236 5148 6636 7288 
587 1162 3032 3220 4141 5949 6797 7865 
380 1923 2273 3261 5070 5726 6958 7418 
173 1660 2538 3302 4975 5503 7119 7995 
990 1397 2803 3343 4880 5280 6256 7548 
783 1134 3068 3384 4785 6081 6417 8125 
576 1895 2309 3425 4690 5858 6578 7678 
369 1632 2574 3466 4595 5635 6739 7231 
162 1369 2839 3507 4500 5412 6900 7808 
979 1106 2080 3548 4405 5189 7061 7361 
772 1867 2345 3589 4310 5990 6198 7938 
565 1604 2610 3630 4215 5767 6359 7491 
358 1341 2875 3671 4120 5544 6520 8068 
151 1078 2116 3712 5049 5321 6681 7621 
968 1839 2381 3753 4954 6122 6842 7174 
761 1576 2646 3794 4859 5899 7003 7751 
554 1313 2911 3835 4764 5676 7164 7304 
347 1050 2152 3876 4669 5453 6301 7881 
140 1811 2417 3917 4574 5230 6462 7434 
957 1548 2682 3958 4479 6031 6623 8011 
750 1285 2947 3999 4384 5808 6784 7564 
543 2046 2188 4040 4289 5585 6945 8141 
336 1783 2453 4081 4194 5362 7106 7694 
129 1520 2718 3098 4099 5139 6243 7247 
946 1257 2983 3139 5028 5940 6404 7824 
739 2018 2224 3180 4933 5717 6565 7377 
532 1755 2489 3221 4838 5494 6726 7954 
325 1492 2754 3262 4743 5271 6887 7507 
118 1229 3019 3303 4648 6072 7048 8084 
935 1990 2260 3344 4553 5849 6185 7637 
728 1727 2525 3385 4458 5626 6346 7190 
521 1464 2790 3426 4363 5403 6507 7767 
314 1201 3055 3467 4268 5180 6668 7320 
107 1962 2296 3508 4173 5981 6829 7897 
924 1699 2561 3549 5102 5758 6990 7450 
717 1436 2826 3590 5007 5535 7151 8027 
510 1173 2067 3631 4912 5312 6288 7580 
303 1934 2332 3672 4817 6113 6449 8157 
96 1671 2597 3713 4722 5890 6610 7710 
913 1408 2862 3754 4627 5667 6771 7263 
706 1145 2103 3795 4532 5444 6932 7840 
499 1906 2368 3836 4437 5221 7093 7393 
292 1643 2633 3877 4342 6022 6230 7970 
85 1380 2898 3918 4247 5799 6391 7523 
902 1117 2139 3959 4152 5576 6552 8100 
695 1878 2404 4000 5081 5353 6713 7653 
488 1615 2669 4041 4986 5130 6874 7206 
281 1352 2934 4082 4891 5931 7035 7783 
74 1089 2175 3099 4796 5708 6172 7336 
891 1850 2440 3140 4701 5485 6333 7913 
684 1587 2705 3181 4606 5262 6494 7466 
477 1324 2970 3222 4511 6063 6655 8043 
270 1061 2211 3263 4416 5840 6816 7596 
63 1822 2476 3304 4321 5617 6977 8173 
880 1559 2741 3345 4226 5394 7138 7726 
673 1296 3006 3386 4131 5171 6275 7279 
466 1033 2247 3427 5060 5972 6436 7856 
259 1794 2512 3468 4965 5749 6597 7409 
52 1531 2777 3509 4870 5526 6758 7986 
869 1268 3042 3550 4775 5303 6919 7539 
662 2029 2283 3591 4680 6104 7080 8116 
455 1766 2548 3632 4585 5881 6217 7669 
248 1503 2813 3673 4490 5658 6378 7222 
41 1240 2054 3714 4395 5435 6539 7799 
858 2001 2319 3755 4300 5212 6700 7352 
651 1738 2584 3796 4205 6013 6861 7929 
444 1475 2849 3837 4110 5790 7022 7482 
237 1212 2090 3878 5039 5567 6159 8059 
30 1973 2355 3919 4944 5344 6320 7612 
847 1710 2620 3960 4849 5121 6481 8189 
640 1447 2885 4001 4754 5922 6642 7742 
433 1184 2126 4042 4659 5699 6803 7295 
226 1945 2391 4083 4564 5476 6964 7872 
19 1682 2656 3100 4469 5253 7125 7425 
836 1419 2921 3141 4374 6054 6262 8002 
629 1156 2162 3182 4279 5831 6423 7555 
422 1917 2427 3223 4184 5608 6584 8132 
215 1654 2692 3264 5113 5385 6745 7685 
8 1391 2957 3305 5018 5162 6906 7238 
825 1128 2198 3346 4923 5963 7067 7815 
618 1889 2463 3387 4828 5740 6204 7368 
411 1626 2728 3428 4733 5517 6365 7945 
204 1363 2993 3469 4638 5294 6526 7498 
1021 1100 2234 3510 4543 6095 6687 8075 
814 1861 2499 3551 4448 5872 6848 7628 
607 1598 2764 3592 4353 5649 7009 7181 
400 1335 3029 3633 4258 5426 6146 7758 
193 1072 2270 3674 4163 5203 6307 7311 
1010 1833 2535 3715 5092 6004 6468 7888 
803 1570 2800 3756 4997 5781 6629 7441 
596 1307 3065 3797 4902 5558 6790 8018 
389 1044 2306 3838 4807 5335 6951 7571 
182 1805 2571 3879 4712 6136 7112 8148 
999 1542 2836 3920 4617 5913 6249 7701 
792 1279 2077 3961 4522 5690 6410 7254 
585 2040 2342 4002 4427 5467 6571 7831 
378 1777 2607 4043 4332 5244 6732 7384 
171 1514 2872 4084 4237 6045 6893 7961 
988 1251 2113 3101 4142 5822 7054 7514 
781 2012 2378 3142 5071 5599 6191 8091 
574 1749 2643 3183 4976 5376 6352 7644 
367 1486 2908 3224 4881 5153 6513 7197 
160 1223 2149 3265 4786 5954 6674 7774 
977 1984 2414 3306 4691 5731 6835 7327 
770 1721 2679 3347 4596 5508 6996 7904 
563 1458 2944 3388 4501 5285 7157 7457 
356 1195 2185 3429 4406 6086 6294 8034 
149 1956 2450 3470 4311 5863 6455 7587 
966 1693 2715 3511 4216 5640 6616 8164 
759 1430 2980 3552 4121 5417 6777 7717 
552 1167 2221 3593 5050 5194 6938 7270 
345 1928 2486 3634 4955 5995 7099 7847 
138 1665 2751 3675 4860 5772 6236 7400 
955 1402 3016 3716 4765 5549 6397 7977 
748 1139 2257 3757 4670 5326 6558 7530 
541 1900 2522 3798 4575 6127 6719 8107 
334 1637 2787 3839 4480 5904 6880 7660 
127 1374 3052 3880 4385 5681 7041 7213 
944 1111 2293 3921 4290 5458 6178 7790 
737 1872 2558 3962 4195 5235 6339 7343 
530 1609 2823 4003 4100 6036 6500 7920 
323 1346 2064 4044 5029 5813 6661 7473 
116 1083 2329 4085 4934 5590 6822 8050 
933 1844 2594 3102 4839 5367 6983 7603 
726 1581 2859 3143 4744 5144 7144 8180 
519 1318 2100 3184 4649 5945 6281 7733 
312 1055 2365 3225 4554 5722 6442 7286 
105 1816 2630 3266 4459 5499 6603 7863 
922 1553 2895 3307 4364 5276 6764 7416 
715 1290 2136 3348 4269 6077 6925 7993 
508 1027 2401 3389 4174 5854 7086 7546 
301 1788 2666 3430 5103 5631 6223 8123 
94 1525 2931 3471 5008 5408 6384 7676 
911 1262 2172 3512 4913 5185 6545 7229 
704 2023 2437 3553 4818 5986 6706 7806 
497 1760 2702 3594 4723 5763 6867 7359 
290 1497 2967 3635 4628 5540 7028 7936 
83 1234 2208 3676 4533 5317 6165 7489 
900 1995 2473 3717 4438 6118 6326 8066 
693 1732 2738 3758 4343 5895 6487 7619 
486 1469 3003 3799 4248 5672 6648 7172 
279 1206 2244 3840 4153 5449 6809 7749 
72 1967 2509 3881 5082 5226 6970 7302 
889 1704 2774 3922 4987 6027 7131 7879 
682 1441 3039 3963 4892 5804 6268 7432 
475 1178 2280 4004 4797 5581 6429 8009 
268 1939 2545 4045 4702 5358 6590 7562 
61 1676 2810 4086 4607 5135 6751 8139 
878 1413 2051 3103 4512 5936 6912 7692 
671 1150 2316 3144 4417 5713 7073 7245 
464 1911 2581 3185 4322 5490 6210 7822 
257 1648 2846 3226 4227 5267 6371 7375 
50 1385 2087 3267 4132 6068 6532 7952 
867 1122 2352 3308 5061 5845 6693 7505 
660 1883 2617 3349 4966 5622 6854 8082 
453 1620 2882 3390 4871 5399 7015 7635 
246 1357 2123 3431 4776 5176 6152 7188 
39 1094 2388 3472 4681 5977 6313 7765 
856 1855 2653 3513 4586 5754 6474 7318 
649 1592 2918 3554 4491 5531 6635 7895 
442 1329 2159 3595 4396 5308 6796 7448 
235 1066 2424 3636 4301 6109 6957 8025 
28 1827 2689 3677 4206 5886 7118 7578 
845 1564 2954 3718 4111 5663 6255 8155 
638 1301 2195 3759 5040 5440 6416 7708 
431 1038 2460 3800 4945 5217 6577 7261 
224 1799 2725 3841 4850 6018 6738 7838 
17 1536 2990 3882 4755 5795 6899 7391 
834 1273 2231 3923 4660 5572 7060 7968 
627 2034 2496 3964 4565 5349 6197 7521 
420 1771 2761 4005 4470 5126 6358 8098 
213 1508 3026 4046 4375 5927 6519 7651 
6 1245 2267 4087 4280 5704 6680 7204 
823 2006 2532 3104 4185 5481 6841 7781 
616 1743 2797 3145 5114 5258 7002 7334 
409 1480 3062 3186 5019 6059 7163 7911 
202 1217 2303 3227 4924 5836 6300 7464 
1019 1978 2568 3268 4829 5613 6461 8041 
812 1715 2833 3309 4734 5390 6622 7594 
605 1452 2074 3350 4639 5167 6783 8171 
398 1189 2339 3391 4544 5968 6944 7724 
191 1950 2604 3432 4449 5745 7105 7277 
1008 1687 2869 3473 4354 5522 6242 7854 
801 1424 2110 3514 4259 5299 6403 7407 
594 1161 2375 3555 4164 6100 6564 7984 
387 1922 2640 3596 5093 5877 6725 7537 
180 1659 2905 3637 4998 5654 6886 8114 
997 1396 2146 3678 4903 5431 7047 7667 
790 1133 2411 3719 4808 5208 6184 7220 
583 1894 2676 3760 4713 6009 6345 7797 
376 1631 2941 3801 4618 5786 6506 7350 
169 1368 2182 3842 4523 5563 6667 7927 
986 1105 2447 3883 4428 5340 6828 7480 
779 1866 2712 3924 4333 6141 6989 8057 
572 1603 2977 3965 4238 5918 7150 7610 
365 1340 2218 4006 4143 5695 6287 8187 
158 1077 2483 4047 5072 5472 6448 7740 
975 1838 2748 4088 4977 5249 6609 7293 
768 1575 3013 3105 4882 6050 6770 7870 
561 1312 2254 3146 4787 5827 6931 7423 
354 1049 2519 3187 4692 5604 7092 8000 
147 1810 2784 3228 4597 5381 6229 7553 
964 1547 3049 3269 4502 5158 6390 8130 
757 1284 2290 3310 4407 5959 6551 7683 
550 2045 2555 3351 4312 5736 6712 7236 
343 1782 2820 3392 4217 5513 6873 7813 
136 1519 2061 3433 4122 5290 7034 7366 
953 1256 2326 3474 5051 6091 6171 7943 
746 2017 2591 3515 4956 5868 6332 7496 
539 1754 2856 3556 4861 5645 6493 8073 
332 1491 2097 3597 4766 5422 6654 7626 
125 1228 2362 3638 4671 5199 6815 7179 
942 1989 2627 3679 4576 6000 6976 7756 
735 1726 2892 3720 4481 5777 7137 7309 
528 1463 2133 3761 4386 5554 6274 7886 
321 1200 2398 3802 4291 5331 6435 7439 
114 1961 2663 3843 4196 6132 6596 8016 
931 1698 2928 3884 4101 5909 6757 7569 
724 1435 2169 3925 5030 5686 6918 8146 
517 1172 2434 3966 4935 5463 7079 7699 
310 1933 2699 4007 4840 5240 6216 7252 
103 1670 2964 4048 4745 6041 6377 7829 
920 1407 2205 4089 4650 5818 6538 7382 
713 1144 2470 3106 4555 5595 6699 7959 
506 1905 2735 3147 4460 5372 6860 7512 
299 1642 3000 3188 4365 5149 7021 8089 
92 1379 2241 3229 4270 5950 6158 7642 
909 1116 2506 3270 4175 5727 6319 7195 
702 1877 2771 3311 5104 5504 6480 7772 
495 1614 3036 3352 5009 5281 6641 7325 
288 1351 2277 3393 4914 6082 6802 7902 
81 1088 2542 3434 4819 5859 6963 7455 
898 1849 2807 3475 4724 5636 7124 8032 
691 1586 2048 3516 4629 5413 6261 7585 
484 1323 2313 3557 4534 5190 6422 8162 
277 1060 2578 3598 4439 5991 6583 7715 
70 1821 2843 3639 4344 5768 6744 7268 
887 1558 2084 3680 4249 5545 6905 7845 
680 1295 2349 3721 4154 5322 7066 7398 
473 1032 2614 3762 5083 6123 6203 7975 
266 1793 2879 3803 4988 5900 6364 7528 
59 1530 2120 3844 4893 5677 6525 8105 
876 1267 2385 3885 4798 5454 6686 7658 
669 2028 2650 3926 4703 5231 6847 7211 
462 1765 2915 3967 4608 6032 7008 7788 
255 1502 2156 4008 4513 5809 6145 7341 
48 1239 2421 4049 4418 5586 6306 7918 
865 2000 2686 4090 4323 5363 6467 7471 
658 1737 2951 3107 4228 5140 6628 8048 
451 1474 2192 3148 4133 5941 6789 7601 
244 1211 2457 3189 5062 5718 6950 8178 
37 1972 2722 3230 4967 5495 7111 7731 
854 1709 2987 3271 4872 5272 6248 7284 
647 1446 2228 3312 4777 6073 6409 7861 
440 1183 2493 3353 4682 5850 6570 7414 
233 1944 2758 3394 4587 5627 6731 7991 
26 1681 3023 3435 4492 5404 6892 7544 
843 1418 2264 3476 4397 5181 7053 8121 
636 1155 2529 3517 4302 5982 6190 7674 
429 1916 2794 3558 4207 5759 6351 7227 
222 1653 3059 3599 4112 5536 6512 7804 
15 1390 2300 3640 5041 5313 6673 7357 
832 1127 2565 3681 4946 6114 6834 7934 
625 1888 2830 3722 4851 5891 6995 7487 
418 1625 2071 3763 4756 5668 7156 8064 
211 1362 2336 3804 4661 5445 6293 7617 
4 1099 2601 3845 4566 5222 6454 7170 
821 1860 2866 3886 4471 6023 6615 7747 
614 1597 2107 3927 4376 5800 6776 7300 
407 1334 2372 3968 4281 5577 6937 7877 
200 1071 2637 4009 4186 5354 7098 7430 
1017 1832 2902 4050 5115 5131 6235 8007 
810 1569 2143 4091 5020 5932 6396 7560 
603 1306 2408 3108 4925 5709 6557 8137 
396 1043 2673 3149 4830 5486 6718 7690 
189 1804 2938 3190 4735 5263 6879 7243 
1006 1541 2179 3231 4640 6064 7040 7820 
799 1278 2444 3272 4545 5841 6177 7373 
592 2039 2709 3313 4450 5618 6338 7950 
385 1776 2974 3354 4355 5395 6499 7503 
178 1513 2215 3395 4260 5172 6660 8080 
995 1250 2480 3436 4165 5973 6821 7633 
788 2011 2745 3477 5094 5750 6982 7186 
581 1748 3010 3518 4999 5527 7143 7763 
374 1485 2251 3559 4904 5304 6280 7316 
167 1222 2516 3600 4809 6105 6441 7893 
984 1983 2781 3641 4714 5882 6602 7446 
777 1720 3046 3682 4619 5659 6763 8023 
570 1457 2287 3723 4524 5436 6924 7576 
363 1194 2552 3764 4429 5213 7085 8153 
156 1955 2817 3805 4334 6014 6222 7706 
973 1692 2058 3846 4239 5791 6383 7259 
766 1429 2323 3887 4144 5568 6544 7836 
559 1166 2588 3928 5073 5345 6705 7389 
352 1927 2853 3969 4978 5122 6866 7966 
145 1664 2094 4010 4883 5923 7027 7519 
962 1401 2359 4051 4788 5700 6164 8096 
755 1138 2624 4092 4693 5477 6325 7649 
548 1899 2889 3109 4598 5254 6486 7202 
341 1636 2130 3150 4503 6055 6647 7779 
134 1373 2395 3191 4408 5832 6808 7332 
951 1110 2660 3232 4313 5609 6969 7909 
744 1871 2925 3273 4218 5386 7130 7462 
537 1608 2166 3314 4123 5163 6267 8039 
330 1345 2431 3355 5052 5964 6428 7592 
123 1082 2696 3396 4957 5741 6589 8169 
940 1843 2961 3437 4862 5518 6750 7722 
733 1580 2202 3478 4767 5295 6911 7275 
526 1317 2467 3519 4672 6096 7072 7852 
319 1054 2732 3560 4577 5873 6209 7405 
112 1815 2997 3601 4482 5650 6370 7982 
929 1552 2238 3642 4387 5427 6531 7535 
722 1289 2503 3683 4292 5204 6692 8112 
515 1026 2768 3724 4197 6005 6853 7665 
308 1787 3033 3765 4102 5782 7014 7218 
101 1524 2274 3806 5031 5559 6151 7795 
918 1261 2539 3847 4936 5336 6312 7348 
711 2022 2804 3888 4841 6137 6473 7925 
504 1759 3069 3929 4746 5914 6634 7478 
297 1496 2310 3970 4651 5691 6795 8055 
90 1233 2575 4011 4556 5468 6956 7608 
907 1994 2840 4052 4461 5245 7117 8185 
700 1731 2081 4093 4366 6046 6254 7738 
493 1468 2346 3110 4271 5823 6415 7291 
286 1205 2611 3151 4176 5600 6576 7868 
79 1966 2876 3192 5105 5377 6737 7421 
896 1703 2117 3233 5010 5154 6898 7998 
689 1440 2382 3274 4915 5955 7059 7551 
482 1177 2647 3315 4820 5732 6196 8128 
275 1938 2912 3356 4725 5509 6357 7681 
68 1675 2153 3397 4630 5286 6518 7234 
885 1412 2418 3438 4535 6087 6679 7811 
678 1149 2683 3479 4440 5864 6840 7364 
471 1910 2948 3520 4345 5641 7001 7941 
264 1647 2189 3561 4250 5418 7162 7494 
57 1384 2454 3602 4155 5195 6299 8071 
874 1121 2719 3643 5084 5996 6460 7624 
667 1882 2984 3684 4989 5773 6621 7177 
460 1619 2225 3725 4894 5550 6782 7754 
253 1356 2490 3766 4799 5327 6943 7307 
46 1093 2755 3807 4704 6128 7104 7884 
863 1854 3020 3848 4609 5905 6241 7437 
656 1591 2261 3889 4514 5682 6402 8014 
449 1328 2526 3930 4419 5459 6563 7567 
242 1065 2791 3971 4324 5236 6724 8144 
35 1826 3056 4012 4229 6037 6885 7697 
852 1563 2297 4053 4134 5814 7046 7250 
645 1300 2562 4094 5063 5591 6183 7827 
438 1037 2827 3111 4968 5368 6344 7380 
231 1798 2068 3152 4873 5145 6505 7957 
24 1535 2333 3193 4778 5946 6666 7510 
841 1272 2598 3234 4683 5723 6827 8087 
634 2033 2863 3275 4588 5500 6988 7640 
427 1770 2104 3316 4493 5277 7149 7193 
220 1507 2369 3357 4398 6078 6286 7770 
13 1244 2634 3398 4303 5855 6447 7323 
830 2005 2899 3439 4208 5632 6608 7900 
623 1742 2140 3480 4113 5409 6769 7453 
416 1479 2405 3521 5042 5186 6930 8030 
209 1216 2670 3562 4947 5987 7091 7583 
2 1977 2935 3603 4852 5764 6228 8160 
819 1714 2176 3644 4757 5541 6389 7713 
612 1451 2441 3685 4662 5318 6550 7266 
405 1188 2706 3726 4567 6119 6711 7843 
198 1949 2971 3767 4472 5896 6872 7396 
1015 1686 2212 3808 4377 5673 7033 7973 
808 1423 2477 3849 4282 5450 6170 7526 
601 1160 2742 3890 4187 5227 6331 8103 
394 1921 3007 3931 5116 6028 6492 7656 
187 1658 2248 3972 5021 5805 6653 7209 
1004 1395 2513 4013 4926 5582 6814 7786 
797 1132 2778 4054 4831 5359 6975 7339 
590 1893 3043 4095 4736 5136 7136 7916 
383 1630 2284 3112 4641 5937 6273 7469 
176 1367 2549 3153 4546 5714 6434 8046 
993 1104 2814 3194 4451 5491 6595 7599 
786 1865 2055 3235 4356 5268 6756 8176 
579 1602 2320 3276 4261 6069 6917 7729 
372 1339 2585 3317 4166 5846 7078 7282 
165 1076 2850 3358 5095 5623 6215 7859 
982 1837 2091 3399 5000 5400 6376 7412 
775 1574 2356 3440 4905 5177 6537 7989 
568 1311 2621 3481 4810 5978 6698 7542 
361 1048 2886 3522 4715 5755 6859 8119 
154 1809 2127 3563 4620 5532 7020 7672 
971 1546 2392 3604 4525 5309 6157 7225 
764 1283 2657 3645 4430 6110 6318 7802 
557 2044 2922 3686 4335 5887 6479 7355 
350 1781 2163 3727 4240 5664 6640 7932 
143 1518 2428 3768 4145 5441 6801 7485 
960 1255 2693 3809 5074 5218 6962 8062 
753 2016 2958 3850 4979 6019 7123 7615 
546 1753 2199 3891 4884 5796 6260 7168 
339 1490 2464 3932 4789 5573 6421 7745 
132 1227 2729 3973 4694 5350 6582 7298 
949 1988 2994 4014 4599 5127 6743 7875 
742 1725 2235 4055 4504 5928 6904 7428 
535 1462 2500 3072 4409 5705 7065 8005 
328 1199 2765 3113 4314 5482 6202 7558 
121 1960 3030 3154 4219 5259 6363 8135 
938 1697 2271 3195 4124 6060 6524 7688 
731 1434 2536 3236 5053 5837 6685 7241 
524 1171 2801 3277 4958 5614 6846 7818 
317 1932 3066 3318 4863 5391 7007 7371 
110 1669 2307 3359 4768 5168 6144 7948 
927 1406 2572 3400 4673 5969 6305 7501 
720 1143 2837 3441 4578 5746 6466 8078 
513 1904 2078 3482 4483 5523 6627 7631 
306 1641 2343 3523 4388 5300 6788 7184 
99 1378 2608 3564 4293 6101 6949 7761 
916 1115 2873 3605 4198 5878 7110 7314 
709 1876 2114 3646 4103 5655 6247 7891 
502 1613 2379 3687 5032 5432 6408 7444 
295 1350 2644 3728 4937 5209 6569 8021 
88 1087 2909 3769 4842 6010 6730 7574 
905 1848 2150 3810 4747 5787 6891 8151 
698 1585 2415 3851 4652 5564 7052 7704 
491 1322 2680 3892 4557 5341 6189 7257 
284 1059 2945 3933 4462 6142 6350 7834 
77 1820 2186 3974 4367 5919 6511 7387 
894 1557 2451 4015 4272 5696 6672 7964 
687 1294 2716 4056 4177 5473 6833 7517 
480 1031 2981 3073 5106 5250 6994 8094 
273 1792 2222 3114 5011 6051 7155 7647 
66 1529 2487 3155 4916 5828 6292 7200 
883 1266 2752 3196 4821 5605 6453 7777 
676 2027 3017 3237 4726 5382 6614 7330 
469 1764 2258 3278 4631 5159 6775 7907 
262 1501 2523 3319 4536 5960 6936 7460 
55 1238 2788 3360 4441 5737 7097 8037 
872 1999 3053 3401 4346 5514 6234 7590 
665 1736 2294 3442 4251 5291 6395 8167 
458 1473 2559 3483 4156 6092 6556 7720 
251 1210 2824 3524 5085 5869 6717 7273 
44 1971 2065 3565 4990 5646 6878 7850 
861 1708 2330 3606 4895 5423 7039 7403 
654 1445 2595 3647 4800 5200 6176 7980 
447 1182 2860 3688 4705 6001 6337 7533 
240 1943 2101 3729 4610 5778 6498 8110 
33 1680 2366 3770 4515 5555 6659 7663 
850 1417 2631 3811 4420 5332 6820 7216 
643 1154 2896 3852 4325 6133 6981 7793 
436 1915 2137 3893 4230 5910 7142 7346 
229 1652 2402 3934 4135 5687 6279 7923 
22 1389 2667 3975 5064 5464 6440 7476 
839 1126 2932 4016 4969 5241 6601 8053 
632 1887 2173 4057 4874 6042 6762 7606 
425 1624 2438 3074 4779 5819 6923 8183 
218 1361 2703 3115 4684 5596 7084 7736 
11 1098 2968 3156 4589 5373 6221 7289 
828 1859 2209 3197 4494 5150 6382 7866 
621 1596 2474 3238 4399 5951 6543 7419 
414 1333 2739 3279 4304 5728 6704 7996 
207 1070 3004 3320 4209 5505 6865 7549 
0 1831 2245 3361 4114 5282 7026 8126 
817 1568 2510 3402 5043 6083 6163 7679 
610 1305 2775 3443 4948 5860 6324 7232 
403 1042 3040 3484 4853 5637 6485 7809 
196 1803 2281 3525 4758 5414 6646 7362 
1013 1540 2546 3566 4663 5191 6807 7939 
806 1277 2811 3607 4568 5992 6968 7492 
599 2038 2052 3648 4473 5769 7129 8069 
392 1775 2317 3689 4378 5546 6266 7622 
185 1512 2582 3730 4283 5323 6427 7175 
1002 1249 2847 3771 4188 6124 6588 7752 
795 2010 2088 3812 5117 5901 6749 7305 
588 1747 2353 3853 5022 5678 6910 7882 
381 1484 2618 3894 4927 5455 7071 7435 
174 1221 2883 3935 4832 5232 6208 8012 
991 1982 2124 3976 4737 6033 6369 7565 
784 1719 2389 4017 4642 5810 6530 8142 
577 1456 2654 4058 4547 5587 6691 7695 
370 1193 2919 3075 4452 5364 6852 7248 
163 1954 2160 3116 4357 5141 7013 7825 
980 1691 2425 3157 4262 5942 6150 7378 
773 1428 2690 3198 4167 5719 6311 7955 
566 1165 2955 3239 5096 5496 6472 7508 
359 1926 2196 3280 5001 5273 6633 8085 
152 1663 2461 3321 4906 6074 6794 7638 
969 1400 2726 3362 4811 5851 6955 7191 
762 1137 2991 3403 4716 5628 7116 7768 
555 1898 2232 3444 4621 5405 6253 7321 
348 1635 2497 3485 4526 5182 6414 7898 
141 1372 2762 3526 4431 5983 6575 7451 
958 1109 3027 3567 4336 5760 6736 8028 
751 1870 2268 3608 4241 5537 6897 7581 
544 1607 2533 3649 4146 5314 7058 8158 
337 1344 2798 3690 5075 6115 6195 7711 
130 1081 3063 3731 4980 5892 6356 7264 
947 1842 2304 3772 4885 5669 6517 7841 
740 1579 2569 3813 4790 5446 6678 7394 
533 1316 2834 3854 4695 5223 6839 7971 
326 1053 2075 3895 4600 6024 7000 7524 
119 1814 2340 3936 4505 5801 7161 8101 
936 1551 2605 3977 4410 5578 6298 7654 
729 1288 2870 4018 4315 5355 6459 7207 
522 1025 2111 4059 4220 5132 6620 7784 
315 1786 2376 3076 4125 5933 6781 7337 
108 1523 2641 3117 5054 5710 6942 7914 
925 1260 2906 3158 4959 5487 7103 7467 
718 2021 2147 3199 4864 5264 6240 8044 
511 1758 2412 3240 4769 6065 6401 7597 
304 1495 2677 3281 4674 5842 6562 8174 
97 1232 2942 3322 4579 5619 6723 7727 
914 1993 2183 3363 4484 5396 6884 7280 
707 1730 2448 3404 4389 5173 7045 7857 
500 1467 2713 3445 4294 5974 6182 7410 
293 1204 2978 3486 4199 5751 6343 7987 
86 1965 2219 3527 4104 5528 6504 7540 
903 1702 2484 3568 5033 5305 6665 8117 
696 1439 2749 3609 4938 6106 6826 7670 
489 1176 3014 3650 4843 5883 6987 7223 
282 1937 2255 3691 4748 5660 7148 7800 
75 1674 2520 3732 4653 5437 6285 7353 
892 1411 2785 3773 4558 5214 6446 7930 
685 1148 3050 3814 4463 6015 6607 7483 
478 1909 2291 3855 4368 5792 6768 8060 
271 1646 2556 3896 4273 5569 6929 7613 
64 1383 2821 3937 4178 5346 7090 8190 
881 1120 2062 3978 5107 5123 6227 7743 
674 1881 2327 4019 5012 5924 6388 7296 
467 1618 2592 4060 4917 5701 6549 7873 
260 1355 2857 3077 4822 5478 6710 7426 
53 1092 2098 3118 4727 5255 6871 8003 
870 1853 2363 3159 4632 6056 7032 7556 
663 1590 2628 3200 4537 5833 6169 8133 
456 1327 2893 3241 4442 5610 6330 7686 
249 1064 2134 3282 4347 5387 6491 7239 
42 1825 2399 3323 4252 5164 6652 7816 
859 1562 2664 3364 4157 5965 6813 7369 
652 1299 2929 3405 5086 5742 6974 7946 
445 1036 2170 3446 4991 5519 7135 7499 
238 1797 2435 3487 4896 5296 6272 8076 
31 1534 2700 3528 4801 6097 6433 7629 
848 1271 2965 3569 4706 5874 6594 7182 
641 2032 2206 3610 4611 5651 6755 7759 
434 1769 2471 3651 4516 5428 6916 7312 
227 1506 2736 3692 4421 5205 7077 7889 
20 1243 3001 3733 4326 6006 6214 7442 
837 2004 2242 3774 4231 5783 6375 8019 
630 1741 2507 3815 4136 5560 6536 7572 
423 1478 2772 3856 5065 5337 6697 8149 
216 1215 3037 3897 4970 6138 6858 7702 
9 1976 2278 3938 4875 5915 7019 7255 
826 1713 2543 3979 4780 5692 6156 7832 
619 1450 2808 4020 4685 5469 6317 7385 
412 1187 2049 4061 4590 5246 6478 7962 
205 1948 2314 3078 4495 6047 6639 7515 
1022 1685 2579 3119 4400 5824 6800 8092 
815 1422 2844 3160 4305 5601 6961 7645 
608 1159 2085 3201 4210 5378 7122 7198 
401 1920 2350 3242 4115 5155 6259 7775 
194 1657 2615 3283 5044 5956 6420 7328 
1011 1394 2880 3324 4949 5733 6581 7905 
804 1131 2121 3365 4854 5510 6742 7458 
597 1892 2386 3406 4759 5287 6903 8035 
390 1629 2651 3447 4664 6088 7064 7588 
183 1366 2916 3488 4569 5865 6201 8165 
1000 1103 2157 3529 4474 5642 6362 7718 
793 1864 2422 3570 4379 5419 6523 7271 
586 1601 2687 3611 4284 5196 6684 7848 
379 1338 2952 3652 4189 5997 6845 7401 
172 1075 2193 3693 5118 5774 7006 7978 
989 1836 2458 3734 5023 5551 7167 7531 
782 1573 2723 3775 4928 5328 6304 8108 
575 1310 2988 3816 4833 6129 6465 7661 
368 1047 2229 3857 4738 5906 6626 7214 
161 1808 2494 3898 4643 5683 6787 7791 
978 1545 2759 3939 4548 5460 6948 7344 
771 1282 3024 3980 4453 5237 7109 7921 
564 2043 2265 4021 4358 6038 6246 7474 
357 1780 2530 4062 4263 5815 6407 8051 
150 1517 2795 3079 4168 5592 6568 7604 
967 1254 3060 3120 5097 5369 6729 8181 
760 2015 2301 3161 5002 5146 6890 7734 
553 1752 2566 3202 4907 5947 7051 7287 
