236 233 235 82 231 160 61 13 
168 57 26 34 255 94 236 131 
6 234 244 123 244 25 158 22 
21 189 138 50 195 250 224 25 
209 132 103 49 173 52 49 237 
179 57 188 175 195 87 78 212 
92 135 211 8 151 246 158 57 
26 166 219 205 86 214 137 168 
156 213 118 6 242 77 78 29 
21 255 210 194 113 15 83 250 
34 124 110 139 138 211 135 248 
53 4 118 194 26 56 74 116 
18 32 144 147 107 113 164 34 
184 39 138 227 33 253 30 86 
139 214 133 252 69 5 232 186 
123 226 95 18 13 30 126 145 
162 187 91 71 185 119 30 178 
187 43 112 26 111 234 147 123 
137 116 12 41 199 152 220 94 
180 206 199 15 4 197 104 182 
158 252 19 245 213 235 28 211 
50 84 42 85 170 5 134 202 
186 12 55 155 128 249 204 53 
188 92 12 7 76 6 140 111 
248 243 242 192 217 71 145 219 
219 33 105 7 145 65 213 247 
79 148 30 209 180 111 241 51 
190 228 141 185 12 96 25 24 
40 232 171 119 123 123 180 57 
5 171 89 217 172 57 148 72 
184 30 239 229 36 22 224 69 
144 206 38 96 13 48 136 253 
85 53 235 179 136 58 212 13 
197 139 197 55 235 27 34 17 
136 35 118 42 79 37 51 32 
237 147 17 203 51 154 246 69 
92 111 63 180 119 246 211 211 
23 142 55 179 90 126 85 49 
110 164 67 32 151 30 147 158 
142 56 58 206 29 48 21 125 
123 24 155 123 146 108 64 43 
200 143 111 24 57 109 138 238 
135 253 102 93 59 226 144 113 
209 213 28 127 41 236 69 136 
113 37 170 75 203 162 126 247 
190 204 22 202 30 39 190 85 
250 23 208 234 57 221 223 199 
156 172 255 176 199 166 128 26 
99 243 224 160 74 153 89 6 
100 173 132 66 8 199 28 84 
206 109 172 140 63 151 104 84 
228 173 234 43 185 52 97 160 
205 167 201 176 36 127 172 103 
31 177 198 16 162 210 35 49 
26 192 177 213 12 155 107 238 
246 140 88 109 142 202 45 174 
144 222 9 118 133 199 83 21 
97 44 114 57 246 55 147 91 
234 47 71 221 58 134 251 85 
226 138 99 55 151 232 163 3 
74 96 81 171 214 239 92 3 
155 221 66 77 84 5 228 178 
37 165 174 40 76 244 50 92 
243 27 76 186 215 126 14 166 
96 127 217 82 200 34 86 14 
248 86 183 10 223 33 229 233 
70 109 156 225 230 97 64 34 
181 163 255 14 29 197 244 170 
191 167 234 110 60 162 71 105 
245 238 113 17 223 233 228 109 
74 132 56 75 244 3 117 173 
61 239 231 24 206 83 190 204 
105 96 46 109 81 148 14 146 
115 63 244 176 71 175 223 230 
3 198 118 250 11 156 159 241 
108 84 223 162 43 69 235 132 
149 58 87 47 160 110 74 33 
9 245 254 14 78 140 243 110 
52 187 240 103 137 204 78 240 
215 8 144 104 227 252 54 101 
138 196 120 143 223 6 11 239 
215 125 56 152 138 105 95 68 
243 49 32 96 52 140 196 8 
59 247 17 204 218 26 81 211 
6 84 16 157 97 120 119 23 
250 109 16 195 104 238 121 250 
175 163 163 122 211 1 240 106 
119 53 37 131 104 171 4 113 
18 158 8 182 241 58 16 156 
167 233 181 43 240 225 229 252 
176 184 69 149 219 170 76 113 
226 85 182 87 120 132 58 118 
93 26 64 9 10 127 251 120 
210 56 199 21 123 40 128 181 
206 128 234 82 137 232 6 65 
233 252 121 139 148 135 3 216 
190 13 1 217 93 237 61 164 
183 180 23 147 254 146 252 180 
226 130 67 90 137 191 96 244 
175 102 187 218 61 185 97 179 
214 169 171 23 150 97 208 203 
186 107 141 76 143 3 115 143 
184 52 20 215 37 95 195 98 
93 234 60 110 38 171 95 249 
100 164 222 250 27 4 232 236 
216 14 98 120 243 44 167 160 
90 54 27 104 88 174 14 189 
47 233 133 19 12 140 255 169 
39 31 214 127 106 226 101 162 
94 237 86 7 23 95 140 33 
250 199 163 14 132 228 200 212 
113 51 87 124 2 72 97 223 
63 181 126 231 90 158 138 239 
99 19 224 37 108 252 42 93 
121 230 180 106 214 37 220 195 
113 18 185 225 138 188 7 1 
229 251 136 159 182 64 173 235 
43 192 255 105 170 43 143 31 
239 59 134 170 97 52 24 229 
163 11 75 23 116 21 105 255 
108 184 66 122 113 145 155 199 
28 36 53 29 73 32 217 24 
255 155 33 7 82 87 175 110 
73 167 130 109 106 40 105 58 
73 238 254 108 100 72 35 167 
64 88 65 7 73 30 216 95 
242 150 19 169 227 95 159 52 
169 137 67 211 112 219 223 243 
209 173 149 251 65 56 232 192 
127 136 204 69 180 203 175 191 
177 133 137 172 250 189 252 71 
119 54 44 88 61 18 171 124 
224 81 125 157 150 25 215 42 
185 228 188 211 194 1 212 223 
225 78 113 70 120 229 115 65 
64 9 117 173 93 200 77 228 
19 206 23 216 35 255 73 250 
43 99 142 23 223 194 53 249 
179 199 152 104 233 203 61 238 
103 214 181 29 140 255 133 6 
180 103 119 40 102 33 243 255 
16 249 121 22 167 43 146 119 
247 77 251 21 50 159 78 237 
100 230 232 148 68 68 196 15 
215 237 85 74 30 36 28 34 
133 34 167 23 237 32 57 112 
2 196 250 70 155 224 101 153 
192 218 84 153 168 127 41 203 
163 134 168 21 217 3 240 84 
179 52 128 53 12 227 244 72 
65 1 175 4 191 48 217 92 
94 114 2 195 133 59 110 177 
169 195 136 64 166 98 151 230 
11 167 86 79 141 72 61 178 
124 108 169 166 155 139 228 215 
62 82 10 182 198 189 154 161 
250 131 35 171 116 180 208 91 
246 159 234 106 47 234 186 204 
93 78 227 133 8 40 56 2 
203 110 82 171 59 120 139 138 
74 54 20 90 112 28 95 52 
22 94 212 213 155 11 61 81 
18 180 56 192 22 98 233 238 
228 192 198 23 151 31 89 126 
85 84 34 229 98 197 190 25 
233 123 31 150 160 123 190 117 
245 187 176 234 103 87 245 102 
93 91 66 186 56 212 198 80 
77 177 41 194 200 43 67 34 
134 100 36 230 15 198 128 181 
178 218 1 116 219 174 144 164 
115 187 18 130 192 244 175 142 
182 160 140 240 141 67 15 116 
166 185 128 44 46 222 39 133 
101 197 202 93 218 2 214 242 
101 177 196 119 232 183 28 150 
224 111 190 254 165 208 112 1 
109 193 231 172 87 155 32 142 
220 24 181 72 61 124 122 33 
210 102 13 102 140 15 215 91 
233 156 189 129 58 50 150 9 
185 135 74 111 225 120 57 13 
37 138 110 49 179 200 159 142 
223 168 11 184 4 220 247 20 
131 231 193 146 194 208 126 229 
52 127 226 99 98 136 122 61 
84 111 183 122 115 218 251 152 
212 83 209 77 13 165 247 77 
199 192 195 248 198 32 112 64 
66 158 241 241 94 179 93 249 
206 120 240 90 199 221 216 35 
78 235 84 187 106 254 119 142 
23 222 110 167 11 217 234 195 
145 166 107 12 90 169 19 56 
194 149 245 154 36 30 154 184 
215 204 103 42 164 24 31 203 
231 100 160 159 102 133 19 93 
17 6 65 98 104 234 90 128 
112 40 239 219 168 77 105 131 
255 125 197 163 242 140 56 224 
32 120 2 84 30 216 107 125 
22 208 75 158 127 113 87 161 
109 168 63 174 10 99 193 21 
29 232 251 84 82 159 83 2 
144 78 120 54 227 41 241 25 
128 51 205 23 237 180 175 91 
22 51 18 37 25 164 209 25 
212 120 194 206 71 82 233 17 
227 219 241 129 242 176 20 228 
223 180 255 112 49 5 170 221 
3 157 73 89 229 214 233 218 
17 226 64 96 96 32 163 112 
192 247 7 33 14 63 46 251 
72 119 35 109 212 99 152 211 
138 220 150 36 164 43 86 55 
44 248 191 86 6 31 1 201 
185 121 255 143 177 245 72 58 
71 252 168 173 199 53 24 203 
151 62 213 1 168 173 115 171 
180 138 156 226 87 144 155 153 
228 51 47 19 181 200 135 59 
28 92 61 125 159 168 143 247 
178 158 200 83 119 15 93 94 
247 134 28 231 175 209 209 60 
237 56 5 109 56 192 138 69 
234 219 204 138 44 51 150 85 
1 220 165 35 133 197 134 32 
19 225 191 128 133 250 1 166 
221 130 137 247 3 225 70 138 
216 165 188 205 105 219 64 19 
4 33 222 209 176 148 145 195 
254 116 211 35 79 213 144 170 
7 75 12 181 211 82 100 83 
53 11 136 202 104 218 89 236 
151 48 140 157 98 232 53 26 
77 113 98 17 241 214 236 206 
208 240 84 57 211 214 254 180 
43 61 211 113 99 242 33 137 
252 144 138 208 118 13 86 56 
253 219 120 6 152 67 103 137 
107 26 243 130 102 200 95 26 
25 172 188 137 69 161 69 226 
7 184 229 22 26 154 142 46 
73 58 25 32 47 240 197 137 
63 221 150 160 168 177 131 111 
142 70 224 30 222 246 218 76 
212 6 119 88 87 127 89 60 
255 159 168 31 120 194 214 13 
75 131 81 165 54 126 28 142 
64 24 231 108 228 35 85 150 
204 73 207 219 54 54 189 170 
161 50 157 49 23 76 52 225 
71 154 165 10 209 16 85 241 
17 16 43 200 34 208 128 144 
23 79 214 227 110 110 59 217 
105 13 102 145 138 152 204 231 
