150 209 111 123 61 223 38 61 
26 116 27 162 129 131 189 11 
102 127 131 169 8 39 190 214 
214 234 57 95 213 130 96 137 
137 222 4 113 38 127 129 16 
100 240 219 166 247 161 101 42 
242 154 12 69 131 31 110 134 
79 146 253 203 163 208 159 188 
121 125 68 211 131 174 104 216 
67 234 166 180 75 82 72 173 
42 110 8 111 241 87 15 243 
163 183 234 11 151 187 241 168 
207 2 43 177 23 226 142 23 
129 58 70 108 213 155 240 66 
26 166 146 47 20 229 165 255 
188 201 181 78 173 112 228 224 
240 221 138 40 252 127 131 114 
28 102 226 234 38 202 154 224 
89 107 104 167 179 112 73 158 
84 129 48 196 77 16 130 206 
179 36 25 176 16 176 230 104 
138 94 231 79 46 108 182 101 
239 164 216 206 164 204 172 75 
225 34 159 52 181 175 223 137 
105 177 159 54 237 43 50 197 
16 106 28 109 119 24 75 184 
40 36 26 189 22 238 212 118 
244 96 112 247 199 102 167 235 
191 166 72 45 180 91 13 131 
63 113 73 124 244 179 66 44 
7 163 133 150 130 221 151 30 
101 125 147 87 70 41 101 47 
116 75 200 59 122 29 60 239 
12 206 179 202 57 166 103 75 
104 76 186 168 203 187 142 28 
241 182 177 250 71 136 112 86 
199 212 190 240 50 205 8 87 
187 170 240 86 162 23 132 121 
56 36 212 16 188 241 63 34 
181 186 218 101 52 235 115 67 
161 92 73 8 43 162 47 20 
183 57 89 220 195 115 131 134 
187 223 196 205 9 250 213 29 
123 184 134 72 83 151 165 6 
30 179 37 16 47 64 29 176 
57 144 93 95 44 194 112 159 
44 212 221 249 47 234 177 105 
16 56 34 52 79 225 150 8 
248 28 197 172 124 59 158 55 
216 156 18 53 46 20 178 213 
24 64 163 159 213 6 123 202 
154 28 11 159 153 153 73 35 
77 194 175 45 49 74 209 71 
57 222 173 91 92 26 27 214 
55 28 49 210 9 239 125 165 
136 96 202 192 38 42 7 53 
5 33 198 212 86 213 166 200 
64 122 168 32 128 78 19 244 
164 229 223 34 41 118 224 237 
117 67 189 139 152 25 14 138 
103 226 218 102 187 123 165 168 
109 79 43 92 26 21 100 204 
71 28 181 7 74 190 32 36 
223 73 140 166 158 7 61 88 
246 10 78 130 106 198 162 157 
99 18 161 60 34 209 63 62 
21 71 189 7 4 151 28 150 
185 118 28 46 210 234 73 122 
253 219 6 180 163 97 53 62 
145 163 17 127 241 148 245 111 
118 62 138 57 218 48 163 20 
244 167 115 64 52 185 85 117 
64 164 6 177 6 229 161 29 
113 134 84 58 139 188 49 214 
124 244 252 125 229 99 134 175 
86 39 225 142 151 98 146 39 
24 14 230 199 137 40 156 94 
117 112 237 30 201 4 203 125 
220 99 132 141 190 58 17 91 
184 38 87 98 95 225 176 3 
70 231 220 234 217 151 98 243 
132 163 48 249 86 120 226 117 
239 116 98 196 151 73 252 249 
222 243 36 225 13 177 129 35 
244 221 155 60 94 193 73 81 
129 77 140 45 105 113 31 53 
53 127 64 33 90 223 1 216 
180 38 21 29 68 2 149 152 
70 38 255 155 177 31 49 111 
56 1 69 78 157 51 213 214 
190 165 110 142 130 43 128 157 
72 191 55 137 113 241 64 117 
125 87 80 138 57 85 245 155 
99 227 41 43 220 103 187 173 
211 193 37 231 237 140 40 160 
237 68 241 87 189 203 17 104 
83 198 169 2 215 248 247 155 
30 46 239 40 98 9 24 10 
194 249 155 5 65 213 51 15 
249 98 50 79 182 161 151 172 
65 4 57 123 235 101 88 250 
111 244 39 231 103 245 109 240 
43 105 43 24 204 194 137 5 
60 76 78 156 131 123 150 136 
101 39 28 107 252 11 41 185 
169 255 154 48 147 180 10 40 
125 96 170 198 236 234 84 181 
222 50 197 125 188 147 96 129 
14 249 170 46 195 250 225 228 
58 230 135 215 247 118 153 195 
210 94 56 173 48 126 41 34 
224 37 69 37 246 11 161 71 
224 227 58 207 178 220 56 103 
249 165 101 90 47 83 23 238 
53 216 85 221 31 124 168 221 
203 172 235 190 228 116 169 22 
101 229 242 153 237 118 252 187 
134 193 33 106 165 52 42 199 
8 116 107 162 218 207 70 133 
44 234 179 107 22 89 179 224 
230 154 171 122 192 204 10 57 
146 68 21 122 178 16 174 234 
114 51 94 91 181 243 46 109 
113 28 119 250 160 122 96 186 
183 241 82 24 183 17 89 209 
150 50 80 68 146 144 143 220 
225 140 145 245 155 28 118 233 
63 19 125 9 202 253 176 158 
194 85 97 118 231 9 100 242 
179 122 93 228 236 16 19 131 
221 235 168 201 3 54 75 30 
236 136 150 215 146 199 99 155 
83 116 121 87 86 55 18 66 
120 81 141 200 255 61 4 160 
226 101 247 227 40 202 165 136 
80 105 58 204 164 71 189 242 
214 157 10 221 160 103 102 220 
194 203 27 255 136 132 37 51 
214 118 103 126 222 11 27 108 
98 116 4 225 250 204 146 54 
85 247 190 214 10 191 24 212 
119 245 179 253 217 128 88 58 
121 13 157 133 185 87 185 163 
200 56 247 74 203 35 80 233 
117 73 213 11 224 155 86 77 
140 35 105 14 185 100 183 148 
47 223 147 25 145 206 215 75 
203 57 207 169 72 134 247 130 
147 19 22 130 40 58 202 141 
228 30 129 230 188 149 34 96 
16 214 175 84 201 78 161 184 
184 55 34 62 226 6 195 122 
106 147 187 177 105 38 228 234 
166 101 31 179 241 213 220 24 
76 61 92 89 225 108 88 71 
152 62 163 114 67 194 62 9 
54 166 101 131 216 30 34 219 
157 30 85 132 248 226 96 240 
49 218 200 169 31 63 125 218 
183 110 198 115 124 166 148 167 
166 232 188 20 94 59 142 44 
201 222 102 227 34 46 179 239 
33 21 192 97 235 168 68 124 
36 191 160 69 31 82 155 60 
247 175 46 177 87 49 37 192 
59 243 105 8 102 150 223 192 
218 76 199 82 48 118 102 57 
154 14 97 111 157 49 156 98 
10 48 165 207 57 200 71 147 
84 107 205 127 190 140 79 108 
234 151 188 25 81 147 243 47 
38 56 183 173 84 187 172 55 
131 220 215 94 211 121 247 32 
71 79 1 75 173 129 229 73 
116 207 192 210 1 207 153 65 
25 128 9 201 152 171 206 11 
211 66 228 176 187 245 25 26 
232 244 136 163 94 101 44 196 
225 204 187 253 214 127 33 62 
183 254 193 174 95 7 141 81 
148 58 179 113 137 66 115 223 
214 124 2 152 189 215 5 177 
195 24 23 114 127 26 255 101 
73 235 18 165 219 105 1 52 
105 3 215 193 60 13 144 21 
163 163 204 111 116 27 1 185 
56 250 20 204 250 110 129 222 
232 53 210 147 24 245 205 3 
232 221 247 71 56 163 117 175 
176 73 146 26 58 41 181 149 
174 60 77 85 60 176 22 138 
107 148 48 198 213 196 138 134 
141 201 49 124 13 81 241 52 
116 163 116 119 56 47 77 232 
72 78 200 149 154 125 21 1 
193 154 111 131 108 152 53 210 
50 142 79 251 97 92 11 77 
223 42 221 220 196 163 195 172 
165 240 48 91 211 32 169 201 
243 112 151 59 74 224 129 18 
30 172 222 125 185 37 166 210 
78 195 92 125 80 90 222 226 
22 204 211 48 60 126 248 110 
82 127 100 227 133 168 246 106 
178 113 111 58 29 8 76 246 
204 3 132 185 15 182 239 210 
193 135 16 107 166 141 221 136 
25 251 185 84 102 108 177 84 
235 74 5 28 193 177 18 2 
121 44 66 205 95 231 64 185 
132 173 204 169 70 147 70 68 
30 113 65 63 101 194 76 212 
146 165 67 176 57 71 81 18 
229 58 158 122 51 109 81 114 
209 53 112 254 247 21 180 236 
129 84 25 12 21 169 120 10 
236 62 8 111 44 72 121 110 
140 95 79 47 51 130 59 110 
69 215 148 247 9 65 203 95 
56 116 29 64 255 143 40 217 
81 34 194 9 50 38 107 225 
90 149 196 147 76 207 163 255 
151 61 125 47 208 92 252 217 
73 80 126 202 241 103 208 211 
66 139 42 120 196 145 232 238 
159 203 113 158 65 165 28 135 
145 224 227 251 115 70 194 7 
235 20 250 40 110 78 21 12 
69 84 193 166 186 41 178 195 
53 253 190 143 9 9 38 251 
144 232 201 41 229 49 41 158 
18 86 27 5 5 181 6 201 
173 74 250 23 42 38 73 233 
148 165 124 127 32 243 253 123 
180 171 1 19 173 110 71 253 
181 229 125 187 241 123 84 157 
28 207 70 57 42 179 26 235 
63 129 48 66 116 205 55 62 
86 42 89 36 255 134 215 38 
207 61 217 145 26 214 213 129 
186 185 143 104 124 105 20 163 
96 197 53 136 207 36 12 112 
237 247 170 204 8 189 26 116 
38 182 42 141 37 250 35 69 
69 177 161 19 75 187 29 18 
88 144 191 77 233 202 216 179 
103 156 34 128 106 47 248 243 
96 217 213 151 127 117 235 204 
47 63 105 91 39 47 107 117 
90 235 219 83 158 32 174 112 
203 24 85 58 27 197 194 194 
155 242 36 253 10 228 224 178 
21 211 195 123 178 214 82 77 
98 242 79 119 249 249 93 42 
7 7 42 126 13 178 246 67 
75 200 137 141 200 11 152 212 
19 200 73 84 151 67 71 107 
137 190 21 243 204 184 213 116 
11 207 232 235 16 255 141 216 
112 72 99 146 47 5 10 108 
100 68 181 44 249 76 85 141 
128 133 98 96 48 225 246 166 
253 224 36 54 240 40 16 66 
51 249 153 209 67 135 73 230 
67 12 134 114 177 221 3 93 
206 105 185 169 103 32 124 201 
5 250 89 250 25 172 15 65 
152 111 245 157 199 32 131 100 
17 195 96 228 177 238 37 240 
185 95 96 94 251 209 194 82 
189 68 220 250 79 202 228 15 
221 226 215 89 76 133 45 199 
44 9 70 22 88 97 54 45 
1 29 55 5 212 35 221 237 
229 26 247 188 15 159 8 214 
46 178 39 21 114 156 198 216 
158 209 239 19 105 186 65 219 
116 219 141 223 66 100 88 244 
195 135 174 219 111 11 162 231 
208 14 199 101 217 65 61 226 
5 205 146 146 252 177 242 229 
178 153 251 134 181 225 150 168 
85 17 74 190 52 216 34 111 
104 247 181 160 59 197 213 161 
129 237 241 182 49 188 32 227 
10 147 64 118 231 91 237 81 
43 166 161 17 173 121 158 120 
226 186 68 146 144 164 218 48 
34 66 111 61 105 178 76 103 
184 107 231 47 230 49 101 159 
207 116 56 170 109 99 93 106 
217 142 58 198 139 251 97 21 
54 113 152 13 25 238 25 142 
17 36 37 133 98 234 138 69 
244 229 153 118 197 131 17 202 
203 132 66 149 141 250 193 189 
100 136 35 209 16 194 220 216 
142 125 38 206 202 47 145 125 
54 71 193 82 161 190 138 149 
21 183 64 15 207 74 220 112 
159 184 145 42 77 107 225 171 
253 89 60 155 17 193 173 191 
123 124 54 47 198 96 174 198 
239 115 168 37 38 179 143 169 
147 161 64 78 57 179 109 201 
33 136 190 99 194 233 158 28 
84 249 124 128 52 238 59 226 
244 165 241 166 4 113 145 98 
112 121 4 149 242 56 115 105 
92 219 37 26 46 79 155 41 
153 143 8 40 116 222 44 210 
229 91 145 227 51 53 236 187 
253 103 176 133 141 111 193 59 
116 27 30 236 184 19 63 106 
150 44 113 189 188 190 68 243 
60 53 250 4 125 113 244 166 
99 217 158 159 111 30 13 199 
240 239 176 229 159 126 241 209 
159 218 152 204 94 209 84 52 
101 156 244 167 247 216 249 87 
156 38 184 212 15 76 181 245 
142 150 245 217 27 242 241 117 
149 241 205 214 120 29 137 183 
233 69 228 88 175 87 233 183 
105 48 162 109 98 184 162 165 
181 83 162 140 4 23 113 190 
204 97 89 229 173 115 226 223 
79 132 173 89 103 199 27 239 
107 228 191 105 189 37 231 231 
106 127 185 133 193 140 182 25 
116 120 52 229 188 191 236 144 
171 35 232 22 107 1 99 252 
37 35 249 196 141 10 8 51 
156 195 193 111 211 136 126 202 
182 71 23 13 39 146 108 2 
216 51 56 184 64 243 191 31 
88 32 231 107 131 48 219 220 
171 29 17 206 222 142 245 158 
14 21 203 120 167 21 178 199 
197 37 242 25 244 126 251 17 
164 184 240 164 168 168 45 139 
54 200 106 47 160 44 5 98 
58 233 31 124 86 142 255 16 
243 62 251 153 51 59 214 246 
40 229 199 41 70 167 50 239 
6 43 193 149 103 67 102 232 
151 98 211 164 88 43 199 230 
178 85 57 83 66 254 15 126 
42 15 44 81 190 21 31 149 
119 215 213 222 253 12 49 101 
242 12 110 195 207 110 231 36 
127 96 161 124 51 176 35 149 
237 1 144 22 36 201 108 162 
217 100 60 183 152 185 133 196 
91 251 173 24 239 22 226 106 
149 129 202 200 30 171 233 221 
214 35 174 67 239 158 145 70 
99 204 13 128 187 59 159 23 
184 226 153 203 92 183 245 134 
128 173 86 198 215 33 7 244 
108 207 141 52 163 44 110 112 
99 109 241 50 157 76 19 14 
181 104 103 27 124 64 197 85 
209 91 167 163 16 242 228 228 
167 161 111 154 60 70 167 247 
125 110 122 140 140 202 150 61 
240 59 143 119 107 166 148 112 
159 57 115 230 157 87 201 25 
32 201 116 27 66 171 101 183 
77 122 155 39 168 190 249 199 
103 124 23 180 200 21 172 249 
81 237 237 165 108 72 111 182 
168 198 15 48 224 81 202 176 
245 242 254 209 136 22 84 162 
50 30 91 119 232 226 39 241 
232 138 198 107 9 15 97 47 
99 11 25 121 96 149 26 20 
65 250 206 111 230 207 221 244 
209 218 130 94 182 185 138 230 
182 106 193 213 30 187 246 2 
215 233 170 173 171 83 171 21 
100 89 191 224 59 191 163 206 
167 4 106 91 231 160 218 1 
118 122 149 140 40 179 227 20 
22 106 124 2 46 15 159 14 
77 216 178 170 172 52 32 231 
63 76 113 229 63 80 17 205 
169 210 153 43 65 171 152 69 
166 130 177 160 224 54 76 251 
228 88 91 168 124 33 49 84 
17 95 66 45 111 140 5 129 
88 50 26 66 158 241 90 18 
94 47 158 54 213 67 250 17 
97 197 48 232 141 146 236 94 
9 135 172 175 255 127 98 146 
125 225 107 118 231 76 99 239 
14 79 249 34 111 51 221 70 
67 173 239 91 165 141 105 67 
243 176 49 188 30 149 208 182 
214 66 99 103 125 94 41 120 
131 70 211 25 54 71 86 20 
61 115 144 136 227 144 20 249 
198 12 133 209 134 39 188 160 
184 124 35 162 238 117 119 165 
51 252 109 249 156 146 226 61 
37 47 40 144 23 41 178 46 
205 208 62 253 37 247 61 184 
150 143 55 18 53 242 165 246 
230 120 95 102 242 61 145 67 
94 7 253 204 214 108 205 67 
177 159 124 190 21 41 65 62 
200 203 133 213 71 200 210 50 
6 154 255 170 60 29 39 96 
232 207 22 171 38 104 188 186 
110 180 27 220 121 21 208 9 
80 95 203 8 128 45 125 44 
8 50 66 116 103 38 205 222 
173 171 51 80 179 233 251 15 
89 55 187 102 125 234 140 177 
117 159 62 79 137 160 245 8 
197 156 115 182 218 200 27 2 
225 121 229 104 246 175 71 122 
225 213 186 137 69 132 246 154 
115 127 232 172 196 42 229 116 
189 187 52 92 32 18 2 53 
161 228 124 132 100 79 174 192 
31 127 71 43 14 178 191 31 
139 24 239 118 252 245 98 15 
224 83 209 93 210 128 8 98 
59 234 181 142 231 221 51 44 
158 238 165 244 179 225 195 170 
63 249 125 129 72 255 107 233 
41 64 236 87 92 20 196 238 
43 246 184 45 90 140 130 220 
71 103 208 1 79 157 144 216 
53 163 184 113 70 249 111 92 
5 137 125 122 125 206 171 16 
41 175 106 71 80 8 231 42 
58 254 53 33 103 239 46 66 
43 216 20 246 92 237 68 10 
210 115 90 114 61 225 250 139 
116 12 212 14 237 153 255 88 
219 96 245 13 150 192 230 96 
6 87 136 162 249 61 108 162 
122 99 161 37 187 118 65 39 
229 73 232 25 12 50 131 82 
35 160 76 209 135 143 184 84 
18 113 152 173 229 113 155 58 
212 101 249 83 29 60 174 101 
92 255 117 129 140 209 67 176 
59 131 49 159 155 251 19 43 
243 154 175 113 88 251 209 37 
26 6 112 240 170 66 202 53 
106 212 66 37 197 133 31 6 
139 7 197 137 229 9 61 5 
114 57 113 173 39 240 68 242 
81 166 147 153 45 50 63 185 
250 60 208 214 184 65 25 250 
218 120 205 151 233 158 222 237 
193 140 32 56 57 77 135 172 
68 69 118 248 187 2 195 202 
246 99 191 8 229 177 225 163 
8 217 205 163 226 157 104 137 
69 165 111 191 13 213 106 140 
73 68 137 143 114 8 31 136 
10 199 240 203 49 71 177 38 
195 51 120 18 209 191 11 224 
157 197 5 113 162 64 200 225 
193 169 33 65 137 154 2 26 
227 56 13 120 190 12 208 185 
156 252 42 215 31 76 150 130 
157 237 212 198 146 154 62 29 
10 117 19 154 120 45 246 249 
198 15 146 154 187 64 233 79 
102 193 163 100 248 192 4 115 
152 250 140 82 237 139 205 177 
69 254 103 12 172 240 88 205 
224 156 229 115 36 16 188 94 
118 170 150 63 239 61 150 254 
228 179 98 40 16 51 220 223 
222 125 125 163 63 157 87 179 
252 26 49 11 160 196 36 165 
68 132 253 72 205 169 116 5 
121 23 138 185 163 240 221 44 
50 11 183 182 9 233 8 238 
112 18 251 166 209 190 63 146 
193 183 254 168 206 230 22 241 
81 228 201 50 175 157 48 85 
38 226 36 216 43 22 87 32 
66 202 133 36 200 28 54 88 
130 192 254 134 21 9 152 182 
147 169 177 34 6 189 207 9 
56 136 246 147 100 138 109 177 
226 212 148 186 140 116 47 255 
83 197 36 44 253 57 14 184 
148 86 145 22 5 232 79 117 
196 187 165 120 164 23 132 113 
91 21 112 239 128 103 222 250 
32 18 25 108 153 58 106 118 
62 247 48 243 153 66 110 234 
66 190 193 88 133 184 5 34 
103 93 188 70 35 100 195 196 
179 158 90 163 124 77 100 115 
36 86 91 89 175 132 156 47 
164 181 146 81 63 126 43 98 
34 69 42 123 243 133 24 194 
43 121 152 186 247 180 73 32 
63 18 140 172 237 220 184 131 
198 13 111 244 255 207 243 218 
249 37 213 221 15 78 106 95 
157 109 184 68 99 163 132 82 
122 180 181 219 171 18 141 140 
33 226 173 31 184 219 193 105 
250 112 151 152 65 12 255 65 
163 109 228 198 174 149 9 82 
228 43 19 222 217 52 55 174 
22 105 199 164 135 4 191 93 
38 249 252 202 34 207 21 161 
48 30 111 61 247 74 81 34 
51 231 243 88 236 171 58 253 
20 38 205 26 6 129 55 37 
70 249 49 121 171 103 116 211 
206 202 38 112 132 90 216 208 
130 3 201 44 158 210 144 121 
155 158 174 254 191 224 198 20 
140 141 96 179 249 184 204 239 
220 63 165 197 217 161 197 104 
228 236 47 101 191 122 21 135 
137 224 61 160 95 67 67 236 
74 122 134 135 116 6 110 18 
106 54 199 173 64 133 67 100 
31 216 143 105 84 50 211 113 
157 228 29 245 237 116 146 254 
213 213 187 27 88 165 99 36 
221 213 157 75 21 31 240 199 
46 142 253 67 58 152 209 203 
159 123 187 182 91 172 21 140 
223 211 78 146 179 17 55 101 
20 114 50 251 180 245 92 151 
123 164 78 221 45 249 37 192 
110 88 30 27 90 64 170 224 
253 98 118 203 127 210 49 16 
33 93 85 50 158 95 188 116 
214 19 121 113 198 161 135 161 
204 150 254 113 233 161 220 200 
128 191 220 123 88 208 160 91 
50 240 32 228 133 39 149 75 
48 40 207 254 224 120 187 240 
73 36 208 76 233 71 171 236 
157 51 1 61 199 3 152 239 
52 151 127 193 28 195 60 242 
112 154 163 232 99 211 210 152 
252 240 144 159 227 221 214 54 
247 134 229 36 11 149 26 162 
188 205 69 79 69 66 57 12 
105 93 159 121 205 188 19 47 
67 12 114 150 242 231 156 70 
178 1 135 31 16 143 114 157 
103 251 72 135 218 205 215 240 
195 207 250 163 80 165 253 231 
28 154 137 97 244 234 12 213 
143 217 79 203 143 126 20 163 
150 148 193 252 90 139 39 74 
202 1 179 89 96 249 112 108 
25 33 46 227 237 79 2 152 
140 21 47 228 207 226 150 196 
162 10 248 139 145 132 78 83 
121 189 117 117 91 108 246 63 
19 155 121 40 4 111 189 4 
129 47 64 135 172 245 163 117 
161 157 164 94 234 35 112 131 
95 8 242 21 26 163 84 117 
202 93 255 177 34 60 168 147 
132 32 110 102 151 9 182 51 
75 58 112 115 242 37 89 31 
107 83 19 153 74 23 107 22 
168 119 1 114 78 165 63 133 
85 242 31 7 192 142 158 168 
223 120 103 183 243 216 180 53 
163 183 87 128 238 27 44 81 
236 81 238 130 58 178 64 247 
144 187 242 181 10 175 213 79 
17 75 245 215 100 153 202 6 
42 208 97 81 102 140 128 26 
83 191 140 237 192 213 53 254 
216 106 34 191 32 212 11 226 
218 110 10 77 59 214 105 181 
48 27 85 255 59 172 155 18 
162 250 13 30 211 152 149 57 
77 218 214 216 107 198 233 215 
39 169 130 238 117 71 104 22 
5 130 247 102 248 130 53 216 
132 228 162 36 169 47 23 85 
41 244 148 221 113 85 74 199 
117 16 3 213 139 20 156 53 
162 40 27 104 246 111 242 187 
141 16 202 121 106 81 20 218 
222 115 203 72 96 180 155 215 
51 137 104 65 233 53 198 50 
127 16 240 140 92 247 123 73 
131 104 189 150 187 84 133 95 
13 145 117 244 117 250 139 217 
219 45 204 192 141 3 63 35 
191 143 110 128 37 52 223 171 
113 151 37 199 15 201 104 180 
210 249 76 54 216 50 235 208 
139 38 15 25 241 38 114 72 
207 254 233 55 8 28 55 14 
184 194 77 173 248 58 116 157 
107 135 97 24 217 90 169 114 
196 203 76 113 101 227 196 165 
157 20 27 27 74 199 75 150 
217 255 180 217 227 228 152 203 
105 174 155 148 112 192 237 206 
200 231 207 74 145 12 106 192 
155 99 228 38 159 51 131 155 
32 88 223 181 50 50 107 195 
104 70 19 156 173 132 144 28 
7 211 131 89 228 195 223 89 
50 192 12 186 111 35 26 141 
46 157 169 26 139 178 151 50 
69 115 198 93 42 77 127 217 
104 205 41 223 210 247 149 54 
64 143 92 23 171 121 146 203 
239 251 68 106 13 242 171 236 
65 97 203 252 100 9 221 243 
87 97 119 245 228 192 182 84 
160 119 212 143 234 55 216 164 
141 94 245 168 19 32 225 9 
50 21 129 156 231 126 184 98 
138 39 124 155 2 217 119 25 
164 199 88 41 77 150 86 63 
24 51 207 43 91 228 73 222 
28 53 254 111 223 180 191 53 
74 231 36 226 84 99 114 248 
227 178 220 104 1 27 194 117 
75 197 138 38 54 130 237 254 
68 122 99 14 98 14 2 53 
117 14 86 49 215 166 174 18 
20 9 209 132 76 158 151 228 
91 1 154 105 187 238 65 46 
150 94 250 159 168 159 240 2 
193 156 30 174 121 245 194 51 
183 250 162 124 13 235 167 153 
17 67 113 43 88 151 180 222 
8 23 134 82 110 180 64 188 
23 158 76 201 64 30 89 185 
173 44 68 197 22 101 10 45 
133 3 235 80 44 237 160 136 
112 143 127 212 184 128 137 34 
66 94 251 199 232 199 181 32 
193 150 18 111 212 85 17 200 
91 178 75 235 140 132 61 120 
110 164 106 84 55 135 68 102 
70 77 124 147 59 106 186 27 
25 125 65 175 9 204 243 131 
63 210 75 56 217 12 182 142 
52 107 209 105 252 129 205 126 
245 76 217 225 236 52 16 246 
217 56 231 116 224 104 94 120 
84 90 127 213 24 36 178 105 
95 194 61 235 172 235 128 252 
56 250 193 208 114 235 5 150 
28 142 112 75 212 226 23 44 
15 186 100 199 1 163 71 129 
194 233 50 92 36 22 169 67 
5 250 43 223 145 137 19 137 
51 183 204 240 73 20 104 197 
39 92 7 63 127 1 4 172 
145 252 206 29 179 230 136 181 
206 62 140 59 19 93 21 20 
145 87 216 111 235 70 182 189 
213 43 29 27 247 9 66 192 
116 92 162 56 239 208 213 121 
225 151 64 140 33 25 155 249 
224 54 223 92 121 165 102 134 
170 241 244 124 50 60 212 39 
105 223 249 218 18 105 64 144 
102 223 8 110 120 77 145 150 
42 56 138 165 251 178 233 139 
129 195 118 154 226 199 44 115 
178 124 169 55 152 49 72 109 
117 229 167 89 186 83 48 141 
174 21 159 33 255 189 17 194 
24 108 74 1 127 110 124 54 
224 60 222 40 163 241 85 200 
208 119 17 47 52 62 132 148 
202 138 172 240 98 58 138 130 
137 129 239 170 58 10 201 37 
130 21 201 2 146 150 217 11 
37 182 95 97 143 98 183 33 
157 37 238 164 53 168 85 14 
218 100 172 241 99 115 10 146 
105 102 134 59 72 222 9 154 
109 201 9 200 68 213 232 241 
249 98 180 241 210 74 179 168 
24 250 25 221 23 173 85 83 
188 10 198 178 70 244 37 63 
37 5 202 195 22 230 177 217 
6 147 23 26 10 38 34 170 
64 103 191 83 59 193 153 108 
38 147 159 36 216 117 35 38 
190 230 242 253 104 126 66 147 
152 144 133 47 234 164 63 220 
233 120 250 121 191 141 91 9 
218 31 154 218 50 132 160 247 
26 158 42 45 21 189 109 117 
6 83 8 228 210 15 190 135 
74 151 184 212 85 243 152 102 
97 182 67 213 196 42 64 142 
123 219 217 196 62 220 121 24 
117 149 158 174 65 89 147 136 
40 92 57 155 74 10 181 165 
94 132 232 255 223 78 207 190 
59 200 30 124 188 3 82 109 
137 37 64 255 244 165 236 150 
216 67 136 128 14 107 87 88 
212 22 45 158 95 146 250 96 
44 223 132 56 72 181 199 63 
214 125 76 140 190 227 176 202 
219 136 141 115 61 197 241 67 
92 238 214 34 115 207 209 208 
126 76 209 232 225 147 19 200 
92 168 192 128 70 220 236 1 
106 121 99 120 155 148 85 90 
210 94 27 52 237 233 173 26 
121 18 152 218 81 208 27 30 
168 159 228 27 9 130 179 71 
175 202 237 185 80 68 35 146 
194 151 145 34 220 31 25 73 
199 253 237 229 70 52 75 179 
80 186 234 79 148 60 104 178 
84 154 121 162 113 101 60 100 
17 48 3 159 253 13 204 116 
55 55 209 231 222 246 112 87 
192 239 61 181 65 7 173 62 
162 145 136 235 130 96 126 56 
247 88 89 249 238 71 5 183 
235 235 141 123 9 245 237 111 
195 121 162 246 139 179 202 22 
31 130 239 101 11 124 195 189 
46 131 181 210 155 88 186 6 
246 125 60 67 165 9 16 45 
203 245 227 151 163 149 249 91 
168 201 148 151 69 149 86 240 
92 128 245 51 185 196 14 61 
94 76 93 246 175 46 198 78 
60 39 96 122 156 98 86 48 
217 114 206 138 105 221 169 53 
68 50 48 236 76 210 210 7 
36 15 179 250 177 116 31 213 
27 196 201 68 231 106 23 173 
218 240 184 135 215 210 164 3 
21 97 11 186 127 34 76 96 
34 143 212 69 151 170 69 47 
212 40 141 189 38 232 202 195 
161 171 70 79 114 221 153 194 
186 1 29 45 191 34 186 61 
2 61 71 136 70 202 18 199 
234 31 67 124 103 62 77 152 
152 147 114 12 224 114 172 224 
203 150 196 224 42 68 177 39 
171 35 248 191 120 155 195 136 
48 223 24 252 181 198 150 185 
136 194 3 248 15 232 218 198 
102 2 164 12 206 47 169 100 
64 191 253 154 11 254 93 223 
60 81 121 125 12 117 84 230 
155 68 129 131 65 22 237 233 
91 234 20 221 29 3 151 214 
148 107 174 210 149 153 133 119 
195 146 245 89 74 100 80 27 
153 186 241 134 132 48 249 116 
74 174 72 52 121 169 127 107 
18 135 28 221 80 10 44 72 
119 39 204 60 165 27 108 16 
173 171 114 95 191 49 70 243 
98 226 126 171 242 139 101 14 
211 53 191 163 227 53 57 60 
59 42 157 108 73 137 98 209 
107 174 152 1 15 174 41 99 
128 71 173 11 238 112 225 88 
186 162 170 92 125 113 192 139 
164 147 121 116 57 67 95 19 
20 135 131 177 91 98 24 139 
49 36 99 112 42 166 80 204 
108 217 216 51 124 109 103 238 
168 38 6 104 165 109 88 97 
188 59 144 128 68 117 224 74 
5 38 57 146 17 24 59 2 
93 188 139 44 252 13 171 140 
85 230 4 184 215 93 124 201 
29 221 214 140 132 238 111 53 
209 161 130 241 49 137 248 33 
237 226 245 44 127 81 64 185 
51 94 26 20 116 162 42 255 
171 26 236 83 245 47 53 99 
183 146 155 71 247 63 246 181 
208 59 114 174 191 240 49 238 
92 9 235 171 95 41 102 236 
218 180 2 185 227 14 9 216 
181 111 63 169 178 221 158 254 
164 223 204 13 140 155 174 80 
122 158 142 61 211 115 237 43 
5 188 104 130 160 243 244 108 
168 176 145 121 5 223 156 153 
188 201 35 43 101 216 250 197 
88 96 59 191 169 84 161 87 
249 114 34 215 211 31 72 45 
27 112 253 6 37 141 155 149 
180 7 246 163 185 30 240 101 
235 68 57 4 53 211 122 213 
203 247 168 179 103 184 204 212 
19 219 104 119 77 94 203 151 
38 151 183 131 231 193 139 109 
47 95 7 33 65 239 116 207 
113 222 35 16 193 87 65 51 
165 86 132 188 193 229 56 225 
220 151 161 221 78 179 60 124 
214 54 45 106 122 81 165 94 
121 121 46 136 155 23 161 44 
142 196 21 182 234 158 167 165 
237 191 237 53 187 242 32 175 
55 15 107 65 208 72 196 179 
68 88 110 53 9 236 236 39 
160 194 83 92 18 77 93 188 
25 159 29 43 110 249 199 189 
183 29 59 94 107 243 226 144 
5 181 51 64 147 91 139 22 
167 156 103 143 63 155 136 130 
48 107 250 35 127 107 221 74 
121 120 125 212 19 37 26 238 
68 11 231 97 92 98 67 57 
27 119 125 255 122 172 197 2 
150 255 196 242 79 156 85 153 
186 215 136 171 1 223 199 119 
198 159 20 83 209 73 156 71 
233 65 222 48 101 167 156 198 
231 93 225 56 141 87 149 137 
221 113 171 50 5 51 233 2 
249 229 254 52 6 83 175 163 
34 123 151 127 216 17 25 41 
145 240 131 53 11 43 150 251 
88 163 183 246 5 59 234 38 
178 30 9 16 42 3 153 27 
151 92 244 122 64 148 67 167 
248 114 9 219 146 90 49 67 
106 98 226 212 157 56 82 76 
47 35 172 201 2 226 241 186 
38 80 215 145 58 26 227 183 
18 110 163 27 126 21 232 53 
76 101 189 214 5 231 126 52 
164 48 48 108 220 242 176 86 
234 68 66 227 237 170 236 158 
253 60 221 255 88 102 149 122 
138 101 176 30 144 104 19 174 
16 56 19 184 89 12 174 138 
197 175 88 86 51 5 1 1 
130 151 176 109 4 170 23 241 
58 234 139 42 206 32 118 212 
220 20 62 109 157 229 127 127 
238 144 51 134 74 139 159 59 
216 250 122 46 131 182 244 130 
74 118 3 34 150 118 125 51 
59 25 103 223 111 200 247 115 
84 111 108 228 198 139 7 251 
35 114 212 60 8 148 110 51 
127 110 167 213 58 78 171 41 
79 197 125 190 216 200 33 6 
60 224 160 92 25 16 158 108 
102 172 204 148 17 92 247 226 
49 160 165 5 66 210 68 172 
209 208 45 179 142 159 186 129 
38 122 59 128 154 41 188 10 
3 57 248 37 38 244 186 114 
46 111 98 87 83 59 71 191 
8 166 71 94 239 134 86 60 
113 177 248 56 96 182 105 182 
62 49 115 114 252 227 35 62 
73 212 229 163 63 211 180 36 
250 224 72 197 30 83 22 73 
100 246 92 93 132 148 188 188 
234 196 219 146 175 162 226 128 
13 13 40 231 47 114 123 64 
211 133 41 182 81 96 40 236 
239 15 218 200 22 156 197 83 
251 73 255 226 59 198 41 117 
241 13 48 6 152 250 217 112 
217 191 63 142 79 116 129 245 
206 32 54 218 72 180 129 38 
33 79 148 42 6 38 185 62 
145 73 152 241 129 220 60 197 
163 90 25 119 102 130 140 209 
148 249 9 159 33 72 162 126 
58 26 96 176 116 11 68 73 
194 18 5 198 33 153 56 63 
137 189 44 234 100 225 193 76 
73 32 198 130 61 141 76 111 
1 134 235 52 230 181 3 14 
157 107 184 89 149 129 210 6 
200 27 212 73 95 74 70 212 
79 156 157 116 15 203 117 122 
44 85 159 190 57 223 133 12 
201 122 99 99 33 205 169 14 
190 68 106 153 3 244 101 98 
204 164 109 91 73 184 212 179 
15 43 127 70 233 231 111 108 
148 242 223 63 150 5 70 175 
182 209 142 152 64 72 45 168 
245 154 85 178 87 131 192 170 
62 226 158 47 124 87 211 187 
37 37 52 131 40 13 234 214 
98 34 81 158 97 8 33 74 
203 221 92 185 160 203 42 8 
37 202 204 170 250 6 61 5 
202 225 136 128 165 121 101 95 
53 188 100 247 240 83 243 254 
132 113 6 253 203 192 151 141 
71 105 210 213 177 106 57 5 
253 125 74 100 28 13 28 120 
254 112 170 10 43 46 231 68 
208 180 153 101 139 5 57 102 
209 99 104 79 111 49 82 63 
211 210 155 59 69 156 64 199 
178 164 246 176 240 47 210 237 
126 61 141 93 20 123 131 229 
231 143 168 83 254 175 231 240 
201 10 134 20 230 99 175 254 
246 156 111 221 46 45 241 26 
177 234 84 52 77 206 164 93 
85 196 233 67 222 119 221 96 
217 216 215 211 135 7 167 13 
111 155 70 61 55 70 225 195 
200 27 29 126 182 127 96 238 
13 34 187 159 50 135 176 110 
33 142 73 227 205 254 97 164 
80 136 51 31 152 183 76 163 
92 19 155 84 24 254 38 107 
135 215 108 239 135 30 141 117 
157 117 202 163 28 139 150 205 
170 131 22 69 4 47 110 136 
161 8 120 201 32 62 98 51 
73 95 134 43 29 161 175 98 
9 112 143 70 254 207 33 23 
152 214 4 1 223 72 119 165 
178 184 39 154 203 176 16 231 
29 151 95 121 208 214 84 29 
92 5 55 151 80 152 168 209 
155 114 151 12 216 96 158 155 
233 221 230 120 155 122 26 53 
100 198 36 235 90 158 107 77 
131 202 194 238 204 183 38 232 
185 235 72 120 97 214 126 174 
129 9 112 227 20 225 178 208 
2 71 95 19 239 104 128 143 
236 251 241 244 221 237 213 202 
216 180 23 199 80 98 175 110 
46 253 6 139 239 108 253 165 
127 235 85 134 219 220 84 75 
84 248 27 5 33 112 238 9 
222 216 126 16 8 127 158 178 
217 113 244 204 86 164 64 152 
23 13 175 99 8 28 129 84 
121 51 254 102 153 160 17 91 
168 198 19 160 18 249 205 97 
176 64 138 202 217 25 33 97 
70 81 83 86 184 49 148 222 
27 187 144 213 44 148 195 188 
215 219 27 57 71 254 121 32 
161 83 45 57 35 104 239 234 
215 103 38 184 15 192 184 124 
158 11 106 1 199 115 25 58 
139 220 161 21 66 65 5 134 
123 50 248 201 187 170 154 169 
9 31 81 94 173 107 188 59 
211 35 72 225 36 109 73 224 
173 79 8 16 241 255 3 126 
227 253 246 29 119 193 176 241 
67 76 238 32 145 43 48 151 
130 147 211 22 115 123 93 130 
50 41 102 215 146 51 103 66 
138 52 143 34 122 133 190 4 
130 115 41 223 249 30 143 216 
114 51 183 251 9 229 158 207 
116 8 159 19 71 116 249 44 
235 215 72 230 74 222 184 189 
2 135 29 208 23 48 76 193 
251 129 207 239 208 125 86 255 
196 96 88 183 8 44 147 155 
174 136 97 140 14 20 67 255 
244 73 133 251 110 187 206 171 
47 22 160 32 112 54 108 223 
36 75 75 206 195 150 106 189 
29 114 18 151 229 236 212 240 
88 182 118 171 12 70 72 44 
102 128 55 208 185 89 13 180 
199 121 248 220 76 85 224 251 
195 247 57 43 109 49 74 60 
24 46 216 77 134 245 202 150 
28 154 43 162 124 214 154 27 
200 51 30 91 18 183 162 219 
197 184 83 178 4 185 131 243 
117 253 121 161 72 181 90 23 
65 123 227 41 60 3 152 196 
47 117 81 63 93 180 126 208 
50 18 65 228 48 65 141 152 
46 206 152 228 74 25 147 45 
22 81 163 209 108 103 201 54 
190 236 3 126 242 250 65 89 
57 199 86 158 218 76 119 131 
237 20 169 198 62 155 59 85 
229 146 157 43 190 96 121 129 
13 183 40 163 114 125 125 147 
10 189 67 1 229 206 188 147 
100 91 123 120 60 111 26 224 
16 214 72 137 217 9 161 209 
209 254 229 174 161 21 195 78 
17 245 79 236 199 240 61 137 
223 43 54 141 251 135 135 65 
237 241 74 77 196 51 173 203 
174 61 179 108 101 200 93 167 
89 230 86 221 72 33 46 18 
60 183 58 141 164 50 238 193 
94 4 218 234 132 167 86 73 
129 6 9 206 78 45 171 246 
217 248 176 229 180 103 220 229 
5 137 81 182 104 240 84 60 
124 144 181 171 186 158 83 225 
171 236 56 52 225 128 83 51 
82 141 251 58 245 212 152 88 
168 158 217 237 106 26 239 40 
99 156 252 243 61 14 74 200 
147 198 22 3 77 110 30 37 
116 34 181 67 202 151 178 217 
98 46 249 195 217 179 24 255 
213 20 128 55 64 111 179 202 
69 216 254 105 188 171 118 174 
19 122 18 113 69 42 239 217 
172 155 124 139 40 142 34 118 
196 242 213 146 87 134 169 8 
124 31 213 1 42 4 4 154 
186 98 19 131 71 199 43 170 
45 124 136 120 152 140 222 183 
75 64 191 234 25 133 126 220 
94 194 51 42 3 51 17 108 
109 180 168 205 111 205 88 206 
103 16 247 14 133 96 79 116 
130 106 5 142 204 168 30 212 
233 117 246 179 120 56 205 250 
219 40 228 78 84 167 145 90 
42 22 175 235 105 9 152 148 
44 51 77 104 49 10 140 4 
170 76 35 65 208 213 131 94 
59 200 77 251 139 176 196 80 
131 11 204 128 58 145 120 74 
185 1 128 163 30 171 84 130 
212 64 248 170 3 14 251 196 
76 219 209 191 22 232 48 166 
172 169 53 219 128 164 127 11 
103 91 176 157 143 115 152 22 
17 143 2 131 253 20 225 46 
88 163 62 220 186 66 186 162 
228 131 11 115 66 60 131 65 
107 100 248 108 128 211 20 212 
71 229 172 1 11 55 180 205 
94 156 137 241 35 31 34 226 
29 1 107 189 74 174 194 226 
202 16 81 226 201 95 112 88 
99 213 239 13 85 26 73 65 
112 27 156 7 68 76 4 237 
48 178 141 44 29 1 197 243 
176 244 112 254 195 47 66 68 
120 30 207 19 84 208 95 96 
105 254 87 60 153 222 246 87 
123 187 41 224 108 139 240 254 
192 56 177 98 9 25 3 216 
23 133 56 71 189 45 116 38 
44 223 226 77 20 159 246 24 
100 147 51 106 208 134 99 77 
36 154 199 113 105 254 120 83 
10 255 114 206 145 1 138 142 
115 14 86 74 195 129 218 56 
9 177 157 118 131 243 172 144 
32 34 228 166 15 39 73 22 
219 128 201 146 28 174 65 112 
144 104 38 21 234 14 176 203 
197 26 172 65 99 113 92 140 
132 78 189 68 227 190 21 250 
202 181 254 227 154 21 191 188 
229 74 74 75 124 81 47 18 
183 78 146 93 190 122 175 41 
25 255 87 112 109 190 134 125 
227 190 161 156 198 245 193 150 
24 242 170 3 172 41 66 170 
216 58 231 204 113 26 253 123 
12 204 224 172 30 144 63 237 
95 49 34 23 1 155 165 192 
94 255 250 17 7 74 99 147 
231 199 66 91 110 215 237 124 
3 127 182 195 172 182 208 146 
38 206 6 86 89 169 51 247 
129 6 131 36 53 31 86 49 
65 65 184 132 216 28 231 59 
96 149 141 2 218 68 239 77 
207 176 67 151 40 203 155 237 
17 32 50 173 229 43 149 253 
143 194 153 254 67 171 92 31 
128 108 99 162 161 55 57 177 
114 183 114 183 57 138 254 20 
170 158 165 18 162 80 203 16 
20 244 215 176 146 239 244 182 
235 19 227 130 138 8 172 193 
238 14 180 74 19 253 177 186 
153 199 78 203 35 110 169 39 
146 46 84 14 146 182 20 252 
8 127 58 166 230 75 46 89 
73 55 166 155 241 88 155 79 
228 118 170 218 179 17 14 147 
173 196 242 234 138 190 139 199 
51 51 168 79 179 171 169 156 
1 188 99 223 183 147 129 157 
204 1 164 182 116 106 39 133 
248 196 81 88 206 23 67 250 
94 40 194 132 237 66 10 91 
92 135 193 138 189 123 85 101 
220 104 202 218 251 15 246 47 
106 9 230 94 104 102 252 212 
90 108 60 209 209 6 77 118 
109 182 162 102 123 214 70 144 
1 89 249 113 127 241 11 217 
137 7 114 73 51 190 134 179 
254 16 255 97 163 237 113 23 
135 140 184 38 35 155 206 106 
61 123 115 27 94 29 146 138 
133 216 120 220 27 20 41 46 
79 153 195 84 239 4 6 112 
46 170 235 255 55 18 135 162 
84 145 148 44 184 145 132 204 
137 225 157 142 250 6 16 57 
8 220 220 152 207 234 73 149 
14 193 3 112 124 163 24 4 
107 139 127 146 96 5 137 171 
231 168 207 206 213 129 112 207 
72 93 10 95 116 92 95 249 
52 182 116 195 54 2 137 163 
90 1 41 211 146 188 255 96 
45 29 211 201 169 23 4 197 
99 124 32 50 117 234 192 147 
250 143 180 153 106 102 97 191 
94 222 62 203 186 61 16 150 
29 195 196 64 118 147 156 85 
203 148 101 78 198 155 183 38 
194 227 162 135 56 242 164 73 
46 45 37 29 144 235 182 22 
114 7 33 117 142 71 220 115 
219 99 97 2 176 195 4 20 
86 22 109 202 239 219 160 145 
6 18 232 140 189 149 128 53 
125 104 65 4 165 60 78 79 
114 80 121 25 89 76 194 254 
115 248 107 211 66 135 57 233 
217 162 150 106 221 18 90 151 
254 21 160 179 216 125 62 13 
116 193 67 186 225 254 82 168 
134 95 172 44 108 108 144 158 
242 113 181 176 62 252 187 51 
83 69 26 109 209 216 236 77 
18 174 96 26 38 201 5 96 
225 77 119 243 234 47 234 36 
253 83 210 43 174 158 193 136 
56 196 23 45 239 2 219 10 
154 245 164 27 220 205 45 75 
189 223 55 72 121 74 32 187 
167 226 12 73 190 81 139 127 
171 221 8 30 58 136 245 111 
35 200 182 51 184 56 218 67 
112 139 27 117 80 37 57 251 
155 39 21 163 208 21 47 76 
66 173 207 5 20 240 119 101 
173 79 230 125 25 80 138 21 
230 59 116 98 64 73 113 14 
107 162 46 114 212 132 128 177 
230 118 3 114 101 248 115 128 
231 128 104 16 193 96 96 11 
85 142 118 20 201 72 134 36 
140 111 36 117 221 191 38 123 
104 54 218 202 146 177 9 23 
242 14 52 118 238 26 144 149 
30 163 6 164 133 235 28 181 
25 105 238 94 48 115 58 26 
74 172 209 43 194 164 224 57 
172 49 157 28 22 135 107 51 
127 245 48 254 76 145 87 69 
32 238 104 47 106 75 30 208 
188 106 159 6 210 87 238 99 
234 248 15 157 70 49 142 24 
17 143 203 163 121 40 225 219 
215 230 96 61 25 101 67 175 
9 130 221 239 90 137 9 254 
164 98 246 164 14 102 121 75 
66 85 218 234 22 163 80 87 
150 224 231 250 189 38 132 140 
23 80 232 196 15 215 162 190 
248 64 90 17 187 110 107 134 
210 216 235 137 177 88 86 23 
138 230 134 18 117 5 177 137 
178 17 140 253 6 177 10 209 
12 218 204 205 216 81 99 102 
45 10 90 109 31 171 59 134 
137 131 155 205 147 35 192 48 
2 221 147 11 160 182 112 178 
234 75 216 150 159 212 118 42 
26 106 165 140 160 242 154 50 
71 31 139 97 165 137 214 140 
238 174 74 94 150 148 246 50 
160 31 88 49 224 3 175 70 
183 175 236 21 63 212 90 2 
116 89 5 93 48 237 80 126 
229 114 153 121 189 202 196 77 
164 27 115 190 12 236 40 22 
210 197 224 82 97 96 165 16 
243 177 22 120 159 242 108 132 
88 6 115 15 52 40 87 186 
213 121 8 154 182 15 228 243 
30 149 9 239 177 204 166 188 
2 200 168 40 176 149 244 151 
246 55 4 107 153 180 113 213 
110 160 3 172 174 88 37 42 
190 249 2 222 111 76 7 59 
254 62 253 169 156 166 248 96 
238 193 125 20 39 33 248 92 
136 186 42 114 112 228 136 12 
29 78 104 47 246 56 20 132 
227 77 41 66 85 37 69 251 
81 238 100 6 104 208 243 119 
178 157 233 148 3 230 79 19 
236 93 144 232 196 233 80 73 
62 14 216 246 25 196 8 56 
243 142 231 221 251 241 200 218 
47 138 53 252 171 64 243 178 
6 55 228 108 234 252 25 222 
122 200 207 233 22 193 58 100 
28 131 7 125 130 204 129 100 
147 19 89 2 197 152 183 213 
161 105 46 215 216 165 126 198 
21 234 120 49 33 180 174 161 
152 102 86 65 8 87 197 244 
133 170 137 120 231 214 78 99 
18 8 149 174 222 4 187 118 
156 109 20 111 250 43 246 42 
165 51 225 128 180 163 201 13 
175 119 100 24 233 148 17 167 
252 114 108 190 15 127 121 129 
153 166 58 16 34 238 57 47 
166 148 163 5 205 11 189 51 
240 120 50 162 164 82 150 21 
137 194 185 204 185 46 135 251 
143 187 216 102 244 63 126 186 
183 85 205 138 158 56 24 33 
37 56 108 54 186 196 189 153 
97 25 147 95 98 25 118 109 
173 123 108 239 97 81 105 172 
229 114 3 113 163 242 47 200 
162 93 100 198 89 161 133 176 
128 226 166 231 8 29 112 40 
161 182 147 163 112 184 50 133 
79 142 143 150 222 150 168 14 
222 189 123 1 154 103 208 239 
155 151 79 115 23 247 20 174 
127 205 146 19 219 6 76 200 
33 212 126 220 239 113 74 145 
231 45 8 73 157 103 81 200 
119 150 112 227 95 119 125 105 
20 144 57 136 237 116 118 119 
105 226 71 61 138 106 45 182 
183 149 160 174 11 98 16 36 
131 187 119 187 111 5 147 158 
255 127 114 252 24 231 149 99 
193 104 137 199 232 87 53 169 
176 206 201 104 206 21 2 148 
201 69 244 65 170 85 159 43 
228 48 111 244 85 54 154 203 
199 184 154 240 97 9 224 211 
188 22 123 102 255 116 172 113 
160 51 115 137 45 202 255 60 
16 254 50 110 248 115 78 157 
238 255 7 121 78 207 21 250 
195 53 167 201 197 71 164 26 
234 107 19 241 65 154 219 171 
195 255 215 193 52 155 39 240 
1 114 212 230 45 201 8 140 
19 213 144 243 182 2 98 48 
235 63 226 108 40 45 42 158 
242 158 17 55 136 233 102 91 
213 18 14 184 229 89 16 37 
215 2 17 162 210 242 114 99 
42 231 12 128 211 83 186 204 
156 180 251 82 198 65 174 196 
108 195 1 147 159 146 187 121 
2 156 71 123 52 69 83 52 
114 8 64 5 105 8 148 132 
104 87 56 214 63 84 115 101 
220 213 162 73 234 52 38 179 
217 226 40 38 195 225 162 127 
13 186 202 86 30 149 102 64 
60 118 135 46 249 25 64 86 
105 48 65 102 213 229 172 122 
63 14 142 191 205 53 62 156 
143 106 240 66 33 101 210 217 
103 228 24 221 228 89 110 222 
89 125 39 136 213 200 59 119 
92 130 234 129 122 207 242 57 
235 50 210 75 249 18 225 209 
247 154 155 124 50 243 115 192 
134 18 156 138 251 222 82 168 
233 107 77 18 222 195 150 197 
59 89 123 65 167 209 87 59 
238 172 45 55 52 19 89 20 
92 45 94 234 64 218 15 25 
240 89 55 2 65 168 152 85 
34 110 54 91 49 109 134 122 
43 47 230 63 32 19 6 20 
111 26 107 144 120 233 138 168 
202 17 240 166 207 60 48 84 
85 104 57 54 83 149 246 143 
142 78 175 232 8 50 190 222 
171 231 136 79 10 167 163 213 
121 240 204 48 167 253 99 190 
176 94 151 237 215 60 4 17 
135 53 235 65 194 221 44 217 
24 110 78 67 81 184 46 8 
1 32 114 178 98 53 222 248 
155 12 96 72 59 159 75 188 
247 243 60 108 107 132 50 122 
94 62 198 131 214 137 252 10 
149 88 153 200 239 60 200 198 
31 128 238 191 216 117 115 200 
6 3 139 241 217 89 19 65 
77 182 198 170 43 187 13 78 
230 132 33 2 241 122 255 55 
98 217 160 154 80 238 166 5 
226 76 40 210 2 94 254 103 
13 108 237 176 192 171 124 181 
195 228 25 222 179 18 131 176 
158 174 148 146 92 40 125 222 
101 65 173 39 16 223 219 140 
236 218 24 18 231 8 118 59 
141 138 157 111 43 51 83 197 
21 84 6 9 93 36 57 222 
152 243 11 20 181 44 136 100 
50 33 96 4 126 142 118 59 
94 112 212 237 204 160 238 51 
229 90 205 41 81 22 228 180 
196 81 251 135 253 28 129 221 
113 49 206 79 191 185 2 88 
38 179 57 210 221 42 130 37 
180 214 182 125 36 223 166 68 
177 137 212 214 56 184 68 250 
188 221 149 119 160 179 63 101 
249 140 27 75 10 97 100 55 
194 36 1 74 217 51 132 97 
101 46 29 83 101 11 242 122 
157 172 181 240 220 49 235 16 
179 125 65 20 251 167 20 4 
228 250 57 156 87 17 53 205 
54 194 95 48 226 9 4 76 
50 75 150 119 119 135 143 191 
192 229 171 42 222 71 168 29 
40 214 182 155 30 25 30 255 
237 11 227 180 231 255 8 125 
109 31 56 240 107 3 151 97 
64 210 27 99 41 255 120 163 
69 213 148 5 104 97 146 236 
221 32 39 234 191 68 243 170 
19 230 206 57 240 67 104 214 
218 41 37 190 140 59 92 132 
115 43 128 150 194 3 16 60 
195 105 193 192 140 92 132 195 
20 88 55 23 46 120 211 221 
90 104 248 128 121 170 19 97 
235 92 66 207 104 39 6 118 
147 135 176 32 2 246 22 232 
204 252 253 219 168 66 189 168 
94 163 167 137 110 152 185 195 
234 124 241 131 204 133 240 155 
177 192 47 73 147 68 233 236 
83 100 20 33 99 157 119 147 
204 196 208 105 184 34 248 210 
243 240 129 141 77 35 238 140 
102 37 249 188 152 177 224 131 
43 219 178 153 225 118 81 30 
81 223 184 50 203 106 1 92 
173 92 95 214 89 33 163 202 
49 12 168 190 248 38 113 121 
201 120 42 134 107 123 89 21 
86 246 92 176 220 74 83 164 
94 161 30 73 147 156 99 32 
162 106 23 23 196 115 194 132 
196 53 72 27 37 203 207 90 
28 248 129 201 6 55 5 134 
187 76 60 147 176 195 213 59 
13 168 238 102 186 121 69 57 
3 64 125 241 143 185 121 235 
33 128 226 50 254 239 24 160 
253 145 252 81 222 250 135 101 
244 191 185 222 123 110 98 130 
24 237 13 140 249 148 18 93 
246 53 40 144 155 69 46 103 
201 103 31 209 223 146 110 249 
6 232 137 41 145 209 124 95 
16 212 227 2 182 140 144 108 
185 126 198 197 215 77 218 61 
55 66 103 29 89 145 151 115 
151 202 250 133 226 92 173 254 
211 54 91 251 249 208 157 28 
139 145 89 16 76 237 95 115 
85 26 13 80 107 108 112 255 
10 211 140 156 245 34 126 253 
176 8 166 139 202 60 23 201 
230 233 70 29 245 101 118 157 
242 23 146 240 127 11 192 51 
63 72 137 216 138 45 214 178 
119 92 12 37 65 144 124 55 
176 217 92 201 138 114 114 193 
134 15 39 46 80 90 204 127 
45 81 36 35 233 106 5 155 
179 47 124 178 84 132 89 110 
162 254 68 133 229 157 42 217 
48 169 96 177 131 232 198 231 
229 118 234 81 71 15 17 102 
29 123 157 185 192 49 58 255 
52 151 17 197 247 161 223 90 
75 81 37 198 185 47 148 26 
72 220 23 71 43 156 173 123 
251 144 13 183 97 181 107 251 
46 56 175 42 96 222 157 166 
42 116 203 128 218 115 188 7 
97 16 75 83 100 67 244 56 
8 139 53 64 227 187 74 194 
140 108 212 79 102 138 78 86 
186 10 211 139 183 199 47 74 
221 221 214 227 42 97 12 87 
19 51 241 157 106 52 113 145 
163 114 253 81 86 94 49 75 
212 24 100 193 180 97 152 58 
58 142 80 76 141 121 98 241 
190 86 32 78 110 24 248 111 
234 73 89 9 206 218 195 210 
99 204 186 44 218 25 176 178 
8 199 66 114 7 213 254 59 
219 34 141 176 152 173 86 178 
227 27 11 210 135 146 84 160 
31 194 71 96 14 17 37 67 
37 48 238 222 99 174 40 36 
122 150 158 163 218 77 222 10 
1 173 152 201 148 188 249 203 
164 104 238 234 29 127 79 80 
21 108 179 177 6 161 236 18 
209 221 242 2 241 191 163 10 
185 206 229 52 176 43 156 120 
37 92 18 69 39 168 196 46 
97 195 140 61 105 93 147 97 
253 51 93 14 251 189 200 241 
70 205 159 178 25 231 111 203 
190 17 21 27 250 45 187 15 
113 169 32 99 162 222 8 182 
189 206 144 36 169 188 244 176 
204 51 214 110 19 105 17 138 
253 225 151 101 14 19 224 192 
56 29 245 51 114 116 99 27 
88 37 45 126 141 245 27 219 
90 108 87 127 222 107 11 121 
150 93 89 84 42 111 49 97 
40 241 126 36 217 43 207 141 
213 149 126 40 109 182 118 49 
3 99 158 209 113 198 10 112 
169 168 11 61 59 180 126 93 
252 161 116 231 192 134 184 171 
171 251 12 177 27 139 16 197 
103 5 67 99 15 95 46 255 
215 204 71 51 203 7 29 236 
161 211 163 112 108 61 212 187 
204 143 141 191 95 86 53 48 
207 212 35 131 212 65 90 244 
224 149 155 1 117 194 192 17 
57 31 109 15 233 228 83 128 
214 83 77 81 190 67 102 116 
125 101 88 161 207 105 180 162 
65 240 53 136 65 219 64 81 
56 90 227 210 185 185 148 191 
181 227 102 37 103 131 85 101 
158 221 40 14 65 219 187 235 
204 186 164 114 27 16 194 148 
176 172 161 219 241 100 175 220 
124 203 44 127 215 204 207 106 
217 19 193 103 140 178 120 199 
127 253 205 7 126 223 196 234 
128 165 90 136 98 241 171 251 
235 6 116 219 24 146 59 95 
184 38 218 169 2 154 90 147 
152 233 68 111 155 82 10 125 
194 247 18 173 116 51 87 227 
67 8 68 178 87 250 44 167 
7 39 178 153 126 10 110 151 
227 230 237 214 121 191 63 99 
24 158 177 62 7 91 15 158 
186 105 246 6 152 251 70 60 
60 84 113 101 221 1 109 84 
196 144 204 62 210 90 11 214 
156 135 82 251 68 167 131 130 
252 95 36 97 217 84 183 211 
49 137 34 241 136 115 5 158 
230 46 63 94 156 13 244 105 
28 166 8 23 192 11 125 248 
15 21 167 1 41 150 177 80 
254 227 163 103 131 6 72 154 
135 243 17 137 103 207 78 116 
226 246 88 18 174 229 109 44 
134 181 130 125 99 60 184 9 
72 22 201 132 127 165 128 36 
83 74 176 141 250 186 133 161 
166 117 213 182 86 174 161 31 
90 141 187 1 101 182 167 86 
197 250 38 225 254 12 149 219 
178 115 49 65 192 73 17 136 
242 220 245 26 79 189 55 237 
86 173 75 136 86 85 213 51 
89 220 235 191 176 60 35 39 
14 112 138 54 189 83 175 169 
70 239 108 137 82 32 135 212 
20 224 186 226 83 74 224 22 
196 12 223 111 73 13 152 38 
246 15 149 68 168 27 172 5 
179 174 82 140 234 254 39 28 
11 84 97 227 67 175 222 229 
6 218 191 25 117 25 69 213 
172 156 20 135 9 236 39 229 
183 214 87 153 23 130 150 160 
254 217 143 143 236 255 226 156 
254 105 131 225 184 239 240 94 
4 222 44 249 129 250 148 34 
139 78 51 185 240 131 191 36 
174 19 68 209 146 115 96 217 
44 44 165 148 244 28 242 9 
201 241 186 107 132 144 191 110 
106 188 96 213 98 245 16 242 
158 188 46 118 24 166 176 187 
64 45 159 63 108 101 197 166 
236 63 83 23 180 14 115 235 
137 70 129 245 255 247 137 46 
103 85 157 186 178 255 76 198 
84 230 19 17 209 85 4 109 
237 225 23 235 157 216 115 50 
208 119 10 72 23 19 163 130 
186 74 136 119 60 197 163 181 
160 238 58 21 58 237 43 120 
57 230 168 42 53 243 176 154 
250 128 115 48 228 159 104 40 
168 61 226 72 9 32 22 215 
41 31 83 246 79 23 224 19 
20 214 145 167 167 33 79 225 
230 46 149 35 169 26 224 230 
255 226 153 121 169 200 112 255 
109 221 146 33 136 101 217 180 
30 45 206 194 230 22 130 96 
151 45 157 23 88 159 253 187 
130 167 66 24 111 221 40 76 
38 139 153 24 153 85 62 228 
51 37 179 60 147 60 40 152 
189 57 24 132 73 16 181 123 
102 110 36 1 37 7 179 73 
127 201 42 179 184 140 209 206 
146 33 26 157 123 20 92 69 
110 85 27 190 100 181 30 248 
175 233 28 255 39 74 170 48 
115 210 3 131 99 139 218 150 
159 198 214 130 249 51 198 90 
253 153 199 166 126 78 188 148 
56 190 250 197 107 75 63 78 
39 149 220 225 177 111 13 126 
7 224 127 197 76 181 116 112 
84 223 232 14 249 157 95 18 
107 48 91 52 47 216 101 192 
193 52 134 68 241 25 13 168 
31 126 232 249 73 205 187 77 
191 172 91 222 133 16 129 110 
14 3 54 87 156 118 119 159 
96 85 207 177 131 169 133 150 
164 214 228 144 47 146 184 166 
137 59 199 130 159 141 198 137 
195 22 51 229 131 201 94 221 
180 53 149 65 193 76 207 154 
76 47 177 244 50 220 147 238 
104 73 42 96 95 62 207 179 
136 72 115 233 238 202 184 225 
8 75 192 174 80 85 75 142 
121 62 253 100 140 241 239 81 
143 252 228 17 105 103 226 170 
42 48 103 241 37 58 251 208 
11 83 65 255 151 99 85 117 
112 205 178 46 216 46 79 26 
248 252 199 91 27 72 171 149 
191 206 135 80 222 109 159 54 
177 156 103 194 41 221 67 130 
138 250 120 6 133 162 228 230 
27 140 40 220 227 106 236 166 
212 195 18 248 174 214 233 129 
8 230 28 18 83 41 13 152 
235 186 8 164 48 104 146 86 
91 148 204 242 64 107 48 156 
124 196 227 96 75 254 223 209 
9 236 140 139 113 102 34 109 
80 116 126 33 102 227 168 224 
126 33 36 3 39 151 248 227 
29 72 163 178 2 144 15 122 
150 91 142 61 70 127 61 143 
163 112 108 185 96 161 146 98 
135 164 87 156 58 73 56 162 
44 141 211 130 91 47 48 99 
214 108 219 9 20 122 94 79 
8 128 22 97 131 89 51 7 
97 127 23 254 141 8 66 158 
191 117 217 99 32 30 63 223 
156 103 91 6 254 166 147 241 
69 35 253 137 225 167 17 114 
51 69 6 32 231 240 239 58 
50 23 240 245 115 78 160 86 
147 107 104 251 1 244 120 246 
110 137 132 183 120 230 97 78 
187 243 108 178 11 103 38 56 
103 146 155 238 155 75 79 186 
203 138 49 129 65 133 91 157 
123 71 156 158 28 36 235 25 
94 156 155 58 215 153 78 160 
12 170 231 110 19 31 113 172 
253 106 192 177 30 18 197 131 
237 83 229 190 132 160 93 7 
77 189 130 3 209 252 45 89 
235 13 47 137 47 183 14 111 
222 194 68 69 73 227 108 142 
21 233 16 60 15 97 186 226 
95 206 86 251 3 242 66 165 
27 120 20 139 104 54 39 102 
147 94 133 143 143 62 119 132 
21 108 147 49 181 247 40 16 
171 149 149 43 174 25 101 66 
16 86 108 72 71 181 97 217 
173 57 172 34 124 105 116 13 
35 89 59 255 196 86 147 199 
165 229 25 255 111 5 26 194 
60 20 9 12 188 238 160 164 
142 229 40 244 120 77 91 166 
235 149 152 158 57 237 237 198 
161 192 146 64 220 210 32 22 
76 154 218 16 108 28 13 75 
243 152 176 59 51 227 138 205 
141 87 26 16 210 253 32 60 
152 255 247 50 13 68 162 86 
255 195 141 117 91 142 106 175 
104 127 37 106 239 107 148 17 
163 207 176 252 2 236 152 163 
200 28 110 220 248 213 226 41 
228 83 90 205 196 228 216 234 
50 94 63 77 60 133 20 25 
67 63 3 129 84 170 32 245 
61 36 72 196 146 101 6 226 
75 129 131 201 229 221 226 93 
183 247 230 247 36 8 228 71 
44 66 27 212 209 68 183 231 
101 158 180 10 117 201 202 169 
180 102 173 153 61 54 22 248 
248 12 250 85 137 182 22 147 
156 37 122 251 128 188 174 161 
223 20 51 180 150 71 204 86 
69 214 15 203 108 37 242 240 
159 29 244 116 183 221 131 144 
29 59 159 174 176 194 23 249 
12 152 221 227 228 52 222 99 
196 57 145 188 118 110 62 167 
135 177 248 207 243 200 192 135 
150 207 209 253 178 95 226 197 
232 233 26 166 2 180 154 57 
3 180 180 116 120 231 58 65 
15 74 1 252 155 36 38 255 
206 148 72 58 203 143 58 134 
248 164 169 156 101 243 178 50 
68 64 102 34 104 25 152 155 
37 226 124 19 44 145 194 33 
217 49 152 17 167 218 102 41 
175 189 35 144 33 107 70 37 
202 135 103 93 240 167 84 59 
224 23 215 71 228 15 37 119 
105 10 172 105 198 136 51 123 
206 30 208 90 55 74 250 251 
32 115 131 44 115 224 233 18 
80 224 159 99 8 134 120 190 
116 92 62 203 25 113 95 140 
159 88 53 62 121 179 147 61 
10 117 61 82 227 37 127 156 
107 226 196 233 52 119 109 27 
46 184 199 175 222 195 222 105 
21 68 30 74 199 244 227 45 
79 49 74 198 52 145 7 247 
136 86 120 15 72 86 229 186 
167 23 78 34 47 190 178 115 
19 88 28 176 224 24 197 215 
155 28 65 129 180 31 101 237 
118 169 210 6 214 252 193 17 
58 32 132 182 161 86 63 220 
20 141 174 182 52 193 165 236 
199 39 46 65 34 143 173 190 
137 235 157 77 59 9 156 42 
227 161 168 197 156 35 87 248 
186 174 157 84 17 196 153 11 
90 232 155 240 167 241 193 201 
162 217 46 197 38 219 247 115 
3 241 82 243 218 101 165 231 
217 196 84 41 72 152 238 59 
211 73 250 158 226 162 8 149 
148 80 210 249 20 164 73 33 
96 156 112 117 222 201 172 19 
40 219 79 84 18 213 245 20 
177 89 225 17 102 101 116 164 
250 184 93 105 39 56 19 244 
21 89 29 38 238 82 154 242 
144 252 105 254 205 161 78 103 
110 19 176 234 96 189 253 192 
243 111 25 135 231 82 143 118 
199 112 106 139 184 30 237 32 
111 99 66 103 183 166 167 140 
202 239 212 115 82 110 187 40 
99 149 178 212 199 232 175 23 
219 85 57 184 12 117 23 32 
3 22 166 101 182 121 50 192 
229 186 94 75 28 128 25 206 
210 238 34 254 210 195 245 170 
28 224 66 19 185 171 243 114 
172 94 154 89 185 52 165 25 
141 17 251 39 194 109 5 180 
201 227 128 154 245 164 242 165 
224 26 62 30 188 33 244 6 
25 155 62 205 131 154 10 206 
83 148 125 43 166 2 150 232 
233 124 125 207 81 137 49 136 
220 29 92 233 82 255 35 106 
61 134 180 199 218 206 215 252 
138 245 255 103 185 180 240 87 
217 53 114 157 165 203 89 17 
198 76 219 128 106 114 118 140 
227 146 168 193 104 243 125 76 
179 3 130 36 55 126 72 1 
255 157 206 8 204 102 137 177 
50 22 198 166 200 195 201 54 
123 31 89 6 214 233 100 150 
241 245 157 84 21 210 35 12 
243 28 135 136 41 88 70 224 
15 104 173 191 36 227 163 60 
173 254 100 111 195 20 22 93 
45 178 121 168 224 135 228 6 
182 33 129 229 189 21 253 250 
97 101 40 160 160 39 135 251 
32 68 185 253 7 144 206 78 
42 231 188 68 28 255 129 143 
108 100 190 104 80 23 214 230 
27 233 127 87 90 147 228 148 
15 51 159 80 217 27 105 74 
133 44 160 102 177 210 211 90 
3 85 62 24 120 55 67 32 
148 38 235 16 170 68 88 80 
89 117 118 235 214 132 8 151 
247 223 10 160 49 150 243 132 
36 72 208 250 89 177 23 221 
6 55 195 14 15 140 7 148 
162 211 208 229 104 39 167 2 
4 199 7 26 23 41 68 230 
214 140 162 27 211 243 27 28 
197 139 30 124 148 16 159 51 
249 202 103 36 146 92 216 114 
118 180 146 179 171 101 127 12 
244 16 207 164 177 25 134 176 
14 96 204 178 26 228 240 54 
116 91 5 200 74 37 223 232 
46 74 253 62 243 244 70 141 
26 52 67 99 53 88 56 106 
84 236 123 6 214 242 130 95 
98 119 3 229 54 122 210 83 
71 138 58 15 3 14 127 167 
159 105 208 12 77 118 185 245 
178 14 98 206 128 58 154 231 
135 167 149 32 155 21 8 103 
161 238 14 227 32 145 144 48 
219 141 38 43 79 21 137 31 
30 178 113 138 9 87 255 128 
194 132 33 166 148 234 238 63 
129 94 171 211 102 182 170 194 
13 214 52 85 213 174 154 254 
169 5 136 90 9 157 87 214 
18 176 141 137 140 35 126 43 
41 180 195 58 161 152 20 232 
118 50 189 144 171 72 224 22 
157 208 48 95 179 222 146 183 
127 109 186 79 52 61 99 237 
237 176 45 17 164 74 61 152 
146 110 211 207 97 114 130 214 
247 163 42 199 85 160 166 170 
138 124 177 170 26 77 34 205 
64 193 216 171 79 77 99 198 
234 190 46 26 57 199 126 85 
27 241 47 122 160 211 162 188 
24 216 232 122 100 198 100 108 
122 66 84 114 33 236 56 9 
154 125 217 143 56 78 154 152 
153 14 161 194 80 185 169 58 
207 27 25 43 102 28 253 92 
176 110 142 61 187 249 77 240 
57 42 183 253 117 118 217 70 
232 185 43 197 222 4 158 41 
7 173 41 127 196 93 128 182 
160 187 238 78 244 129 157 68 
96 160 46 251 108 198 225 71 
221 47 141 85 69 176 211 10 
155 62 67 250 183 42 44 133 
50 117 85 6 230 46 247 120 
213 1 81 77 239 72 246 234 
176 68 184 138 223 169 36 217 
8 170 10 77 58 141 192 233 
153 149 159 84 185 220 110 255 
76 136 179 250 187 212 36 201 
14 161 141 56 23 210 46 35 
194 105 219 189 16 206 4 145 
32 127 59 251 233 132 79 149 
103 85 135 125 110 211 128 184 
164 74 196 97 42 8 27 244 
45 1 121 43 42 246 85 128 
232 119 139 115 110 63 41 35 
123 36 157 148 211 190 66 7 
74 188 162 139 215 74 107 171 
227 29 143 94 248 158 248 228 
223 56 42 63 209 212 174 220 
245 249 115 42 202 53 109 55 
217 99 7 61 97 41 230 210 
172 239 194 221 94 186 217 195 
15 252 190 99 146 170 62 151 
19 43 98 132 116 243 88 223 
241 35 78 173 144 64 244 14 
123 62 43 169 245 42 100 254 
167 175 205 103 153 14 25 141 
105 158 235 168 15 103 243 233 
103 124 50 184 232 107 151 80 
139 119 55 85 145 218 135 164 
197 210 134 150 2 74 80 184 
84 183 141 177 59 64 162 140 
177 53 39 103 135 140 91 109 
250 129 113 190 11 45 15 230 
221 138 64 20 254 114 102 46 
218 96 26 15 142 218 250 25 
184 47 159 112 155 51 4 5 
19 171 206 108 65 206 149 231 
145 200 79 247 96 159 250 125 
189 146 151 44 162 79 62 78 
195 137 164 78 33 124 74 6 
26 170 56 84 53 209 55 243 
60 78 82 136 201 36 224 239 
147 7 223 53 13 77 109 226 
124 197 5 140 172 115 34 121 
47 103 4 137 232 38 60 153 
83 241 85 179 152 180 203 104 
72 8 178 198 96 237 246 179 
244 140 122 228 181 230 166 138 
28 242 241 8 111 30 36 154 
155 14 4 231 228 134 25 145 
79 56 179 10 145 61 64 100 
216 196 155 61 174 112 130 52 
238 104 61 243 203 176 99 73 
168 254 169 13 22 22 171 196 
124 57 210 17 28 135 82 207 
118 179 142 100 13 164 47 18 
22 47 84 120 201 216 58 160 
15 4 196 239 109 250 110 113 
168 65 118 84 87 137 242 77 
211 9 75 24 99 175 179 75 
43 38 136 192 53 49 228 138 
177 170 154 254 220 26 22 250 
86 221 199 211 234 223 48 163 
105 148 69 98 232 137 211 218 
65 158 251 61 203 71 97 145 
143 55 133 224 175 35 68 158 
68 234 136 81 244 81 55 184 
122 111 51 75 69 100 149 197 
223 201 243 151 114 220 170 149 
160 155 198 197 70 15 163 24 
3 119 92 119 76 107 230 186 
49 172 22 29 141 42 247 143 
101 11 32 159 247 208 131 47 
122 85 96 184 235 35 29 112 
132 11 156 122 195 51 83 99 
157 55 169 55 67 220 186 172 
119 99 32 2 253 4 116 204 
151 54 253 110 54 16 16 53 
237 45 81 47 24 186 253 195 
109 106 116 90 212 243 235 143 
45 68 101 139 102 147 14 237 
82 61 65 134 133 228 130 69 
59 240 41 129 109 216 231 155 
13 112 30 155 49 111 162 2 
73 187 159 229 14 253 58 164 
90 172 214 170 223 6 185 170 
177 15 161 35 219 10 108 228 
74 225 152 16 126 83 23 90 
100 80 141 203 37 57 24 22 
109 1 87 144 143 188 36 215 
187 46 255 33 131 237 44 210 
5 246 158 212 144 168 55 76 
60 202 173 14 121 127 38 63 
6 105 250 180 145 84 199 102 
46 136 56 185 144 133 7 171 
237 30 109 140 154 197 223 58 
61 241 114 254 34 140 189 252 
218 216 28 111 140 73 209 104 
155 67 153 125 54 209 28 212 
226 83 29 67 176 125 41 235 
78 196 51 244 222 20 107 125 
4 37 217 14 166 24 209 184 
66 174 3 144 88 38 94 128 
80 95 237 110 244 117 202 48 
182 68 144 18 97 139 103 24 
85 39 88 151 152 67 63 252 
96 128 163 186 24 160 33 221 
109 207 100 164 96 210 88 152 
197 193 221 244 111 17 26 38 
65 122 250 112 71 1 143 147 
45 16 125 28 89 144 177 51 
170 79 188 92 27 55 51 99 
164 10 225 2 170 184 220 150 
174 93 195 151 9 244 196 21 
155 7 150 148 2 189 245 114 
179 77 7 20 213 219 84 40 
12 68 249 205 21 14 233 208 
8 148 253 132 100 78 94 115 
232 112 143 105 141 107 8 155 
210 117 70 247 2 223 219 65 
192 188 246 5 54 11 88 100 
92 121 243 220 23 128 224 34 
71 224 23 100 104 160 170 93 
184 165 184 14 74 87 92 108 
137 24 6 12 150 161 99 25 
34 102 119 185 18 15 162 232 
24 100 72 235 192 156 240 231 
149 178 134 177 171 118 26 96 
189 33 145 165 113 128 58 53 
201 226 224 113 219 131 80 17 
85 187 177 104 55 178 172 18 
161 24 235 182 5 29 107 200 
71 63 4 82 193 29 221 155 
59 182 98 209 232 46 195 4 
226 184 2 102 54 170 212 44 
56 65 144 1 56 17 34 248 
227 159 112 253 119 211 36 252 
102 196 47 106 130 36 21 81 
1 122 55 58 145 223 194 68 
209 45 180 24 76 88 210 215 
117 65 218 79 20 111 85 13 
14 228 244 33 7 216 45 215 
252 205 201 86 173 195 174 200 
195 194 127 91 226 150 62 248 
186 1 131 12 208 225 63 214 
127 5 128 186 208 197 22 26 
106 247 71 250 151 253 128 44 
15 21 56 255 28 41 182 76 
95 173 148 195 230 130 83 117 
135 7 236 112 118 246 127 226 
172 175 210 71 163 62 202 10 
119 196 126 77 179 195 125 76 
29 214 104 147 217 206 163 185 
147 158 196 207 194 2 67 244 
42 80 196 50 88 14 207 14 
207 228 173 31 144 51 120 199 
18 153 152 49 68 134 147 231 
46 153 241 1 9 248 174 149 
249 155 92 152 69 91 119 13 
220 160 87 253 82 90 217 122 
64 11 169 151 89 172 198 141 
20 172 110 64 80 67 63 1 
184 105 103 137 145 59 87 232 
144 59 194 247 243 11 128 65 
138 29 223 166 206 250 152 115 
137 63 112 123 6 27 161 221 
187 34 222 127 26 91 52 104 
170 117 233 54 80 122 159 11 
21 184 248 80 84 175 103 53 
81 76 225 24 234 88 100 216 
63 158 254 163 67 153 28 48 
214 111 161 173 100 57 98 143 
197 139 131 110 149 193 254 14 
158 230 30 14 129 77 53 160 
145 250 72 185 171 170 84 15 
140 246 155 120 50 4 37 241 
156 25 203 215 91 170 247 153 
135 255 103 3 225 39 155 149 
148 230 81 146 238 27 229 118 
189 103 243 32 104 118 209 20 
146 174 221 121 131 110 172 171 
254 109 76 112 250 174 40 26 
15 80 87 220 237 138 65 170 
34 247 139 160 165 193 180 246 
248 89 237 233 200 41 86 182 
127 42 152 46 96 236 101 88 
79 86 167 72 56 130 27 14 
173 175 203 172 93 224 146 119 
58 162 249 205 253 184 216 155 
30 42 120 177 119 118 185 104 
22 213 49 166 205 234 238 66 
245 94 134 24 21 236 79 99 
195 73 109 118 86 206 27 251 
81 209 81 107 186 141 222 173 
145 83 33 108 14 140 188 35 
200 154 248 185 169 155 118 90 
188 121 58 169 130 130 17 185 
22 23 86 81 249 14 42 44 
13 199 26 108 24 47 223 186 
201 223 252 170 171 244 203 235 
95 201 28 146 179 149 145 246 
71 165 68 6 40 124 163 37 
35 36 104 136 106 158 28 183 
52 199 144 140 68 243 225 62 
169 134 32 210 44 157 131 185 
75 228 238 230 58 115 106 26 
201 110 33 58 147 108 21 36 
197 188 95 141 150 139 80 9 
32 139 188 75 43 185 219 129 
30 136 195 243 101 170 32 51 
250 84 74 40 164 43 160 200 
221 216 72 162 63 224 58 56 
81 213 215 96 77 203 241 13 
126 65 59 157 137 136 186 12 
160 116 12 160 114 90 220 147 
111 150 192 98 246 183 157 116 
234 181 235 237 19 29 180 82 
94 22 107 21 25 95 45 39 
71 87 134 174 122 247 181 241 
53 44 155 184 35 199 2 194 
104 61 249 3 47 249 47 57 
106 131 238 156 26 88 49 176 
53 167 51 83 250 100 213 71 
91 130 58 188 114 166 5 101 
120 189 203 112 11 67 185 10 
213 229 40 157 1 82 1 96 
29 102 58 145 154 235 95 97 
