292 1204 2888 3924 4199 6022 6989 7849 
517 1301 2313 3765 5040 5463 7014 8162 
742 1398 2762 3606 4857 5928 7039 7451 
967 1495 2187 3447 4674 5369 7064 7764 
168 1592 2636 3288 4491 5834 7089 8077 
393 1689 2061 3129 4308 5275 7114 7366 
618 1786 2510 3994 4125 5740 7139 7679 
843 1883 2959 3835 4966 5181 7164 7992 
44 1980 2384 3676 4783 5646 6165 7281 
269 1053 2833 3517 4600 6111 6190 7594 
494 1150 2258 3358 4417 5552 6215 7907 
719 1247 2707 3199 4234 6017 6240 7196 
944 1344 2132 4064 5075 5458 6265 7509 
145 1441 2581 3905 4892 5923 6290 7822 
370 1538 3030 3746 4709 5364 6315 8135 
595 1635 2455 3587 4526 5829 6340 7424 
820 1732 2904 3428 4343 5270 6365 7737 
21 1829 2329 3269 4160 5735 6390 8050 
246 1926 2778 3110 5001 5176 6415 7339 
471 2023 2203 3975 4818 5641 6440 7652 
696 1096 2652 3816 4635 6106 6465 7965 
921 1193 2077 3657 4452 5547 6490 7254 
122 1290 2526 3498 4269 6012 6515 7567 
347 1387 2975 3339 5110 5453 6540 7880 
572 1484 2400 3180 4927 5918 6565 7169 
797 1581 2849 4045 4744 5359 6590 7482 
1022 1678 2274 3886 4561 5824 6615 7795 
223 1775 2723 3727 4378 5265 6640 8108 
448 1872 2148 3568 4195 5730 6665 7397 
673 1969 2597 3409 5036 5171 6690 7710 
898 1042 3046 3250 4853 5636 6715 8023 
99 1139 2471 3091 4670 6101 6740 7312 
324 1236 2920 3956 4487 5542 6765 7625 
549 1333 2345 3797 4304 6007 6790 7938 
774 1430 2794 3638 4121 5448 6815 7227 
999 1527 2219 3479 4962 5913 6840 7540 
200 1624 2668 3320 4779 5354 6865 7853 
425 1721 2093 3161 4596 5819 6890 8166 
650 1818 2542 4026 4413 5260 6915 7455 
875 1915 2991 3867 4230 5725 6940 7768 
76 2012 2416 3708 5071 5166 6965 8081 
301 1085 2865 3549 4888 5631 6990 7370 
526 1182 2290 3390 4705 6096 7015 7683 
751 1279 2739 3231 4522 5537 7040 7996 
976 1376 2164 3072 4339 6002 7065 7285 
177 1473 2613 3937 4156 5443 7090 7598 
402 1570 3062 3778 4997 5908 7115 7911 
627 1667 2487 3619 4814 5349 7140 7200 
852 1764 2936 3460 4631 5814 7165 7513 
53 1861 2361 3301 4448 5255 6166 7826 
278 1958 2810 3142 4265 5720 6191 8139 
503 1031 2235 4007 5106 5161 6216 7428 
728 1128 2684 3848 4923 5626 6241 7741 
953 1225 2109 3689 4740 6091 6266 8054 
154 1322 2558 3530 4557 5532 6291 7343 
379 1419 3007 3371 4374 5997 6316 7656 
604 1516 2432 3212 4191 5438 6341 7969 
829 1613 2881 4077 5032 5903 6366 7258 
30 1710 2306 3918 4849 5344 6391 7571 
255 1807 2755 3759 4666 5809 6416 7884 
480 1904 2180 3600 4483 5250 6441 7173 
705 2001 2629 3441 4300 5715 6466 7486 
930 1074 2054 3282 4117 5156 6491 7799 
131 1171 2503 3123 4958 5621 6516 8112 
356 1268 2952 3988 4775 6086 6541 7401 
581 1365 2377 3829 4592 5527 6566 7714 
806 1462 2826 3670 4409 5992 6591 8027 
7 1559 2251 3511 4226 5433 6616 7316 
232 1656 2700 3352 5067 5898 6641 7629 
457 1753 2125 3193 4884 5339 6666 7942 
682 1850 2574 4058 4701 5804 6691 7231 
907 1947 3023 3899 4518 5245 6716 7544 
108 2044 2448 3740 4335 5710 6741 7857 
333 1117 2897 3581 4152 5151 6766 8170 
558 1214 2322 3422 4993 5616 6791 7459 
783 1311 2771 3263 4810 6081 6816 7772 
1008 1408 2196 3104 4627 5522 6841 8085 
209 1505 2645 3969 4444 5987 6866 7374 
434 1602 2070 3810 4261 5428 6891 7687 
659 1699 2519 3651 5102 5893 6916 8000 
884 1796 2968 3492 4919 5334 6941 7289 
85 1893 2393 3333 4736 5799 6966 7602 
310 1990 2842 3174 4553 5240 6991 7915 
535 1063 2267 4039 4370 5705 7016 7204 
760 1160 2716 3880 4187 5146 7041 7517 
985 1257 2141 3721 5028 5611 7066 7830 
186 1354 2590 3562 4845 6076 7091 8143 
411 1451 3039 3403 4662 5517 7116 7432 
636 1548 2464 3244 4479 5982 7141 7745 
861 1645 2913 3085 4296 5423 7166 8058 
62 1742 2338 3950 4113 5888 6167 7347 
287 1839 2787 3791 4954 5329 6192 7660 
512 1936 2212 3632 4771 5794 6217 7973 
737 2033 2661 3473 4588 5235 6242 7262 
962 1106 2086 3314 4405 5700 6267 7575 
163 1203 2535 3155 4222 5141 6292 7888 
388 1300 2984 4020 5063 5606 6317 7177 
613 1397 2409 3861 4880 6071 6342 7490 
838 1494 2858 3702 4697 5512 6367 7803 
39 1591 2283 3543 4514 5977 6392 8116 
264 1688 2732 3384 4331 5418 6417 7405 
489 1785 2157 3225 4148 5883 6442 7718 
714 1882 2606 4090 4989 5324 6467 8031 
939 1979 3055 3931 4806 5789 6492 7320 
140 1052 2480 3772 4623 5230 6517 7633 
365 1149 2929 3613 4440 5695 6542 7946 
590 1246 2354 3454 4257 5136 6567 7235 
815 1343 2803 3295 5098 5601 6592 7548 
16 1440 2228 3136 4915 6066 6617 7861 
241 1537 2677 4001 4732 5507 6642 8174 
466 1634 2102 3842 4549 5972 6667 7463 
691 1731 2551 3683 4366 5413 6692 7776 
916 1828 3000 3524 4183 5878 6717 8089 
117 1925 2425 3365 5024 5319 6742 7378 
342 2022 2874 3206 4841 5784 6767 7691 
567 1095 2299 4071 4658 5225 6792 8004 
792 1192 2748 3912 4475 5690 6817 7293 
1017 1289 2173 3753 4292 5131 6842 7606 
218 1386 2622 3594 4109 5596 6867 7919 
443 1483 3071 3435 4950 6061 6892 7208 
668 1580 2496 3276 4767 5502 6917 7521 
893 1677 2945 3117 4584 5967 6942 7834 
94 1774 2370 3982 4401 5408 6967 8147 
319 1871 2819 3823 4218 5873 6992 7436 
544 1968 2244 3664 5059 5314 7017 7749 
769 1041 2693 3505 4876 5779 7042 8062 
994 1138 2118 3346 4693 5220 7067 7351 
195 1235 2567 3187 4510 5685 7092 7664 
420 1332 3016 4052 4327 5126 7117 7977 
645 1429 2441 3893 4144 5591 7142 7266 
870 1526 2890 3734 4985 6056 7167 7579 
71 1623 2315 3575 4802 5497 6168 7892 
296 1720 2764 3416 4619 5962 6193 7181 
521 1817 2189 3257 4436 5403 6218 7494 
746 1914 2638 3098 4253 5868 6243 7807 
971 2011 2063 3963 5094 5309 6268 8120 
172 1084 2512 3804 4911 5774 6293 7409 
397 1181 2961 3645 4728 5215 6318 7722 
622 1278 2386 3486 4545 5680 6343 8035 
847 1375 2835 3327 4362 5121 6368 7324 
48 1472 2260 3168 4179 5586 6393 7637 
273 1569 2709 4033 5020 6051 6418 7950 
498 1666 2134 3874 4837 5492 6443 7239 
723 1763 2583 3715 4654 5957 6468 7552 
948 1860 3032 3556 4471 5398 6493 7865 
149 1957 2457 3397 4288 5863 6518 8178 
374 1030 2906 3238 4105 5304 6543 7467 
599 1127 2331 3079 4946 5769 6568 7780 
824 1224 2780 3944 4763 5210 6593 8093 
25 1321 2205 3785 4580 5675 6618 7382 
250 1418 2654 3626 4397 6140 6643 7695 
475 1515 2079 3467 4214 5581 6668 8008 
700 1612 2528 3308 5055 6046 6693 7297 
925 1709 2977 3149 4872 5487 6718 7610 
126 1806 2402 4014 4689 5952 6743 7923 
351 1903 2851 3855 4506 5393 6768 7212 
576 2000 2276 3696 4323 5858 6793 7525 
801 1073 2725 3537 4140 5299 6818 7838 
2 1170 2150 3378 4981 5764 6843 8151 
227 1267 2599 3219 4798 5205 6868 7440 
452 1364 3048 4084 4615 5670 6893 7753 
677 1461 2473 3925 4432 6135 6918 8066 
902 1558 2922 3766 4249 5576 6943 7355 
103 1655 2347 3607 5090 6041 6968 7668 
328 1752 2796 3448 4907 5482 6993 7981 
553 1849 2221 3289 4724 5947 7018 7270 
778 1946 2670 3130 4541 5388 7043 7583 
1003 2043 2095 3995 4358 5853 7068 7896 
204 1116 2544 3836 4175 5294 7093 7185 
429 1213 2993 3677 5016 5759 7118 7498 
654 1310 2418 3518 4833 5200 7143 7811 
879 1407 2867 3359 4650 5665 6144 8124 
80 1504 2292 3200 4467 6130 6169 7413 
305 1601 2741 4065 4284 5571 6194 7726 
530 1698 2166 3906 4101 6036 6219 8039 
755 1795 2615 3747 4942 5477 6244 7328 
980 1892 3064 3588 4759 5942 6269 7641 
181 1989 2489 3429 4576 5383 6294 7954 
406 1062 2938 3270 4393 5848 6319 7243 
631 1159 2363 3111 4210 5289 6344 7556 
856 1256 2812 3976 5051 5754 6369 7869 
57 1353 2237 3817 4868 5195 6394 8182 
282 1450 2686 3658 4685 5660 6419 7471 
507 1547 2111 3499 4502 6125 6444 7784 
732 1644 2560 3340 4319 5566 6469 8097 
957 1741 3009 3181 4136 6031 6494 7386 
158 1838 2434 4046 4977 5472 6519 7699 
383 1935 2883 3887 4794 5937 6544 8012 
608 2032 2308 3728 4611 5378 6569 7301 
833 1105 2757 3569 4428 5843 6594 7614 
34 1202 2182 3410 4245 5284 6619 7927 
259 1299 2631 3251 5086 5749 6644 7216 
484 1396 2056 3092 4903 5190 6669 7529 
709 1493 2505 3957 4720 5655 6694 7842 
934 1590 2954 3798 4537 6120 6719 8155 
135 1687 2379 3639 4354 5561 6744 7444 
360 1784 2828 3480 4171 6026 6769 7757 
585 1881 2253 3321 5012 5467 6794 8070 
810 1978 2702 3162 4829 5932 6819 7359 
11 1051 2127 4027 4646 5373 6844 7672 
236 1148 2576 3868 4463 5838 6869 7985 
461 1245 3025 3709 4280 5279 6894 7274 
686 1342 2450 3550 4097 5744 6919 7587 
911 1439 2899 3391 4938 5185 6944 7900 
112 1536 2324 3232 4755 5650 6969 7189 
337 1633 2773 3073 4572 6115 6994 7502 
562 1730 2198 3938 4389 5556 7019 7815 
787 1827 2647 3779 4206 6021 7044 8128 
1012 1924 2072 3620 5047 5462 7069 7417 
213 2021 2521 3461 4864 5927 7094 7730 
438 1094 2970 3302 4681 5368 7119 8043 
663 1191 2395 3143 4498 5833 7144 7332 
888 1288 2844 4008 4315 5274 6145 7645 
89 1385 2269 3849 4132 5739 6170 7958 
314 1482 2718 3690 4973 5180 6195 7247 
539 1579 2143 3531 4790 5645 6220 7560 
764 1676 2592 3372 4607 6110 6245 7873 
989 1773 3041 3213 4424 5551 6270 8186 
190 1870 2466 4078 4241 6016 6295 7475 
415 1967 2915 3919 5082 5457 6320 7788 
640 1040 2340 3760 4899 5922 6345 8101 
865 1137 2789 3601 4716 5363 6370 7390 
66 1234 2214 3442 4533 5828 6395 7703 
291 1331 2663 3283 4350 5269 6420 8016 
516 1428 2088 3124 4167 5734 6445 7305 
741 1525 2537 3989 5008 5175 6470 7618 
966 1622 2986 3830 4825 5640 6495 7931 
167 1719 2411 3671 4642 6105 6520 7220 
392 1816 2860 3512 4459 5546 6545 7533 
617 1913 2285 3353 4276 6011 6570 7846 
842 2010 2734 3194 5117 5452 6595 8159 
43 1083 2159 4059 4934 5917 6620 7448 
268 1180 2608 3900 4751 5358 6645 7761 
493 1277 3057 3741 4568 5823 6670 8074 
718 1374 2482 3582 4385 5264 6695 7363 
943 1471 2931 3423 4202 5729 6720 7676 
144 1568 2356 3264 5043 5170 6745 7989 
369 1665 2805 3105 4860 5635 6770 7278 
594 1762 2230 3970 4677 6100 6795 7591 
819 1859 2679 3811 4494 5541 6820 7904 
20 1956 2104 3652 4311 6006 6845 7193 
245 1029 2553 3493 4128 5447 6870 7506 
470 1126 3002 3334 4969 5912 6895 7819 
695 1223 2427 3175 4786 5353 6920 8132 
920 1320 2876 4040 4603 5818 6945 7421 
121 1417 2301 3881 4420 5259 6970 7734 
346 1514 2750 3722 4237 5724 6995 8047 
571 1611 2175 3563 5078 5165 7020 7336 
796 1708 2624 3404 4895 5630 7045 7649 
1021 1805 2049 3245 4712 6095 7070 7962 
222 1902 2498 3086 4529 5536 7095 7251 
447 1999 2947 3951 4346 6001 7120 7564 
672 1072 2372 3792 4163 5442 7145 7877 
897 1169 2821 3633 5004 5907 6146 8190 
98 1266 2246 3474 4821 5348 6171 7479 
323 1363 2695 3315 4638 5813 6196 7792 
548 1460 2120 3156 4455 5254 6221 8105 
773 1557 2569 4021 4272 5719 6246 7394 
998 1654 3018 3862 5113 5160 6271 7707 
199 1751 2443 3703 4930 5625 6296 8020 
424 1848 2892 3544 4747 6090 6321 7309 
649 1945 2317 3385 4564 5531 6346 7622 
874 2042 2766 3226 4381 5996 6371 7935 
75 1115 2191 4091 4198 5437 6396 7224 
300 1212 2640 3932 5039 5902 6421 7537 
525 1309 2065 3773 4856 5343 6446 7850 
750 1406 2514 3614 4673 5808 6471 8163 
975 1503 2963 3455 4490 5249 6496 7452 
176 1600 2388 3296 4307 5714 6521 7765 
401 1697 2837 3137 4124 5155 6546 8078 
626 1794 2262 4002 4965 5620 6571 7367 
851 1891 2711 3843 4782 6085 6596 7680 
52 1988 2136 3684 4599 5526 6621 7993 
277 1061 2585 3525 4416 5991 6646 7282 
502 1158 3034 3366 4233 5432 6671 7595 
727 1255 2459 3207 5074 5897 6696 7908 
952 1352 2908 4072 4891 5338 6721 7197 
153 1449 2333 3913 4708 5803 6746 7510 
378 1546 2782 3754 4525 5244 6771 7823 
603 1643 2207 3595 4342 5709 6796 8136 
828 1740 2656 3436 4159 5150 6821 7425 
29 1837 2081 3277 5000 5615 6846 7738 
254 1934 2530 3118 4817 6080 6871 8051 
479 2031 2979 3983 4634 5521 6896 7340 
704 1104 2404 3824 4451 5986 6921 7653 
929 1201 2853 3665 4268 5427 6946 7966 
130 1298 2278 3506 5109 5892 6971 7255 
355 1395 2727 3347 4926 5333 6996 7568 
580 1492 2152 3188 4743 5798 7021 7881 
805 1589 2601 4053 4560 5239 7046 7170 
6 1686 3050 3894 4377 5704 7071 7483 
231 1783 2475 3735 4194 5145 7096 7796 
456 1880 2924 3576 5035 5610 7121 8109 
681 1977 2349 3417 4852 6075 7146 7398 
906 1050 2798 3258 4669 5516 6147 7711 
107 1147 2223 3099 4486 5981 6172 8024 
332 1244 2672 3964 4303 5422 6197 7313 
557 1341 2097 3805 4120 5887 6222 7626 
782 1438 2546 3646 4961 5328 6247 7939 
1007 1535 2995 3487 4778 5793 6272 7228 
208 1632 2420 3328 4595 5234 6297 7541 
433 1729 2869 3169 4412 5699 6322 7854 
658 1826 2294 4034 4229 5140 6347 8167 
883 1923 2743 3875 5070 5605 6372 7456 
84 2020 2168 3716 4887 6070 6397 7769 
309 1093 2617 3557 4704 5511 6422 8082 
534 1190 3066 3398 4521 5976 6447 7371 
759 1287 2491 3239 4338 5417 6472 7684 
984 1384 2940 3080 4155 5882 6497 7997 
185 1481 2365 3945 4996 5323 6522 7286 
410 1578 2814 3786 4813 5788 6547 7599 
635 1675 2239 3627 4630 5229 6572 7912 
860 1772 2688 3468 4447 5694 6597 7201 
61 1869 2113 3309 4264 5135 6622 7514 
286 1966 2562 3150 5105 5600 6647 7827 
511 1039 3011 4015 4922 6065 6672 8140 
736 1136 2436 3856 4739 5506 6697 7429 
961 1233 2885 3697 4556 5971 6722 7742 
162 1330 2310 3538 4373 5412 6747 8055 
387 1427 2759 3379 4190 5877 6772 7344 
612 1524 2184 3220 5031 5318 6797 7657 
837 1621 2633 4085 4848 5783 6822 7970 
38 1718 2058 3926 4665 5224 6847 7259 
263 1815 2507 3767 4482 5689 6872 7572 
488 1912 2956 3608 4299 5130 6897 7885 
713 2009 2381 3449 4116 5595 6922 7174 
938 1082 2830 3290 4957 6060 6947 7487 
139 1179 2255 3131 4774 5501 6972 7800 
364 1276 2704 3996 4591 5966 6997 8113 
589 1373 2129 3837 4408 5407 7022 7402 
814 1470 2578 3678 4225 5872 7047 7715 
15 1567 3027 3519 5066 5313 7072 8028 
240 1664 2452 3360 4883 5778 7097 7317 
465 1761 2901 3201 4700 5219 7122 7630 
690 1858 2326 4066 4517 5684 7147 7943 
915 1955 2775 3907 4334 5125 6148 7232 
116 1028 2200 3748 4151 5590 6173 7545 
341 1125 2649 3589 4992 6055 6198 7858 
566 1222 2074 3430 4809 5496 6223 8171 
791 1319 2523 3271 4626 5961 6248 7460 
1016 1416 2972 3112 4443 5402 6273 7773 
217 1513 2397 3977 4260 5867 6298 8086 
442 1610 2846 3818 5101 5308 6323 7375 
667 1707 2271 3659 4918 5773 6348 7688 
892 1804 2720 3500 4735 5214 6373 8001 
93 1901 2145 3341 4552 5679 6398 7290 
318 1998 2594 3182 4369 5120 6423 7603 
543 1071 3043 4047 4186 5585 6448 7916 
768 1168 2468 3888 5027 6050 6473 7205 
993 1265 2917 3729 4844 5491 6498 7518 
194 1362 2342 3570 4661 5956 6523 7831 
419 1459 2791 3411 4478 5397 6548 8144 
644 1556 2216 3252 4295 5862 6573 7433 
869 1653 2665 3093 4112 5303 6598 7746 
70 1750 2090 3958 4953 5768 6623 8059 
295 1847 2539 3799 4770 5209 6648 7348 
520 1944 2988 3640 4587 5674 6673 7661 
745 2041 2413 3481 4404 6139 6698 7974 
970 1114 2862 3322 4221 5580 6723 7263 
171 1211 2287 3163 5062 6045 6748 7576 
396 1308 2736 4028 4879 5486 6773 7889 
621 1405 2161 3869 4696 5951 6798 7178 
846 1502 2610 3710 4513 5392 6823 7491 
47 1599 3059 3551 4330 5857 6848 7804 
272 1696 2484 3392 4147 5298 6873 8117 
497 1793 2933 3233 4988 5763 6898 7406 
722 1890 2358 3074 4805 5204 6923 7719 
947 1987 2807 3939 4622 5669 6948 8032 
148 1060 2232 3780 4439 6134 6973 7321 
373 1157 2681 3621 4256 5575 6998 7634 
598 1254 2106 3462 5097 6040 7023 7947 
823 1351 2555 3303 4914 5481 7048 7236 
24 1448 3004 3144 4731 5946 7073 7549 
249 1545 2429 4009 4548 5387 7098 7862 
474 1642 2878 3850 4365 5852 7123 8175 
699 1739 2303 3691 4182 5293 7148 7464 
924 1836 2752 3532 5023 5758 6149 7777 
125 1933 2177 3373 4840 5199 6174 8090 
350 2030 2626 3214 4657 5664 6199 7379 
575 1103 2051 4079 4474 6129 6224 7692 
800 1200 2500 3920 4291 5570 6249 8005 
1 1297 2949 3761 4108 6035 6274 7294 
226 1394 2374 3602 4949 5476 6299 7607 
451 1491 2823 3443 4766 5941 6324 7920 
676 1588 2248 3284 4583 5382 6349 7209 
901 1685 2697 3125 4400 5847 6374 7522 
102 1782 2122 3990 4217 5288 6399 7835 
327 1879 2571 3831 5058 5753 6424 8148 
552 1976 3020 3672 4875 5194 6449 7437 
777 1049 2445 3513 4692 5659 6474 7750 
1002 1146 2894 3354 4509 6124 6499 8063 
203 1243 2319 3195 4326 5565 6524 7352 
428 1340 2768 4060 4143 6030 6549 7665 
653 1437 2193 3901 4984 5471 6574 7978 
878 1534 2642 3742 4801 5936 6599 7267 
79 1631 2067 3583 4618 5377 6624 7580 
304 1728 2516 3424 4435 5842 6649 7893 
529 1825 2965 3265 4252 5283 6674 7182 
754 1922 2390 3106 5093 5748 6699 7495 
979 2019 2839 3971 4910 5189 6724 7808 
180 1092 2264 3812 4727 5654 6749 8121 
405 1189 2713 3653 4544 6119 6774 7410 
630 1286 2138 3494 4361 5560 6799 7723 
855 1383 2587 3335 4178 6025 6824 8036 
56 1480 3036 3176 5019 5466 6849 7325 
281 1577 2461 4041 4836 5931 6874 7638 
506 1674 2910 3882 4653 5372 6899 7951 
731 1771 2335 3723 4470 5837 6924 7240 
956 1868 2784 3564 4287 5278 6949 7553 
157 1965 2209 3405 4104 5743 6974 7866 
382 1038 2658 3246 4945 5184 6999 8179 
607 1135 2083 3087 4762 5649 7024 7468 
832 1232 2532 3952 4579 6114 7049 7781 
33 1329 2981 3793 4396 5555 7074 8094 
258 1426 2406 3634 4213 6020 7099 7383 
483 1523 2855 3475 5054 5461 7124 7696 
708 1620 2280 3316 4871 5926 7149 8009 
933 1717 2729 3157 4688 5367 6150 7298 
134 1814 2154 4022 4505 5832 6175 7611 
359 1911 2603 3863 4322 5273 6200 7924 
584 2008 3052 3704 4139 5738 6225 7213 
809 1081 2477 3545 4980 5179 6250 7526 
10 1178 2926 3386 4797 5644 6275 7839 
235 1275 2351 3227 4614 6109 6300 8152 
460 1372 2800 4092 4431 5550 6325 7441 
685 1469 2225 3933 4248 6015 6350 7754 
910 1566 2674 3774 5089 5456 6375 8067 
111 1663 2099 3615 4906 5921 6400 7356 
336 1760 2548 3456 4723 5362 6425 7669 
561 1857 2997 3297 4540 5827 6450 7982 
786 1954 2422 3138 4357 5268 6475 7271 
1011 1027 2871 4003 4174 5733 6500 7584 
212 1124 2296 3844 5015 5174 6525 7897 
437 1221 2745 3685 4832 5639 6550 7186 
662 1318 2170 3526 4649 6104 6575 7499 
887 1415 2619 3367 4466 5545 6600 7812 
88 1512 3068 3208 4283 6010 6625 8125 
313 1609 2493 4073 4100 5451 6650 7414 
538 1706 2942 3914 4941 5916 6675 7727 
763 1803 2367 3755 4758 5357 6700 8040 
988 1900 2816 3596 4575 5822 6725 7329 
189 1997 2241 3437 4392 5263 6750 7642 
414 1070 2690 3278 4209 5728 6775 7955 
639 1167 2115 3119 5050 5169 6800 7244 
864 1264 2564 3984 4867 5634 6825 7557 
65 1361 3013 3825 4684 6099 6850 7870 
290 1458 2438 3666 4501 5540 6875 8183 
515 1555 2887 3507 4318 6005 6900 7472 
740 1652 2312 3348 4135 5446 6925 7785 
965 1749 2761 3189 4976 5911 6950 8098 
166 1846 2186 4054 4793 5352 6975 7387 
391 1943 2635 3895 4610 5817 7000 7700 
616 2040 2060 3736 4427 5258 7025 8013 
841 1113 2509 3577 4244 5723 7050 7302 
42 1210 2958 3418 5085 5164 7075 7615 
267 1307 2383 3259 4902 5629 7100 7928 
492 1404 2832 3100 4719 6094 7125 7217 
717 1501 2257 3965 4536 5535 7150 7530 
942 1598 2706 3806 4353 6000 6151 7843 
143 1695 2131 3647 4170 5441 6176 8156 
368 1792 2580 3488 5011 5906 6201 7445 
593 1889 3029 3329 4828 5347 6226 7758 
818 1986 2454 3170 4645 5812 6251 8071 
19 1059 2903 4035 4462 5253 6276 7360 
244 1156 2328 3876 4279 5718 6301 7673 
469 1253 2777 3717 4096 5159 6326 7986 
694 1350 2202 3558 4937 5624 6351 7275 
919 1447 2651 3399 4754 6089 6376 7588 
120 1544 2076 3240 4571 5530 6401 7901 
345 1641 2525 3081 4388 5995 6426 7190 
570 1738 2974 3946 4205 5436 6451 7503 
795 1835 2399 3787 5046 5901 6476 7816 
1020 1932 2848 3628 4863 5342 6501 8129 
221 2029 2273 3469 4680 5807 6526 7418 
446 1102 2722 3310 4497 5248 6551 7731 
671 1199 2147 3151 4314 5713 6576 8044 
896 1296 2596 4016 4131 5154 6601 7333 
97 1393 3045 3857 4972 5619 6626 7646 
322 1490 2470 3698 4789 6084 6651 7959 
547 1587 2919 3539 4606 5525 6676 7248 
772 1684 2344 3380 4423 5990 6701 7561 
997 1781 2793 3221 4240 5431 6726 7874 
198 1878 2218 4086 5081 5896 6751 8187 
423 1975 2667 3927 4898 5337 6776 7476 
648 1048 2092 3768 4715 5802 6801 7789 
873 1145 2541 3609 4532 5243 6826 8102 
74 1242 2990 3450 4349 5708 6851 7391 
299 1339 2415 3291 4166 5149 6876 7704 
524 1436 2864 3132 5007 5614 6901 8017 
749 1533 2289 3997 4824 6079 6926 7306 
974 1630 2738 3838 4641 5520 6951 7619 
175 1727 2163 3679 4458 5985 6976 7932 
400 1824 2612 3520 4275 5426 7001 7221 
625 1921 3061 3361 5116 5891 7026 7534 
850 2018 2486 3202 4933 5332 7051 7847 
51 1091 2935 4067 4750 5797 7076 8160 
276 1188 2360 3908 4567 5238 7101 7449 
501 1285 2809 3749 4384 5703 7126 7762 
726 1382 2234 3590 4201 5144 7151 8075 
951 1479 2683 3431 5042 5609 6152 7364 
152 1576 2108 3272 4859 6074 6177 7677 
377 1673 2557 3113 4676 5515 6202 7990 
602 1770 3006 3978 4493 5980 6227 7279 
827 1867 2431 3819 4310 5421 6252 7592 
28 1964 2880 3660 4127 5886 6277 7905 
253 1037 2305 3501 4968 5327 6302 7194 
478 1134 2754 3342 4785 5792 6327 7507 
703 1231 2179 3183 4602 5233 6352 7820 
928 1328 2628 4048 4419 5698 6377 8133 
129 1425 2053 3889 4236 5139 6402 7422 
354 1522 2502 3730 5077 5604 6427 7735 
579 1619 2951 3571 4894 6069 6452 8048 
804 1716 2376 3412 4711 5510 6477 7337 
5 1813 2825 3253 4528 5975 6502 7650 
230 1910 2250 3094 4345 5416 6527 7963 
455 2007 2699 3959 4162 5881 6552 7252 
680 1080 2124 3800 5003 5322 6577 7565 
905 1177 2573 3641 4820 5787 6602 7878 
106 1274 3022 3482 4637 5228 6627 8191 
331 1371 2447 3323 4454 5693 6652 7480 
556 1468 2896 3164 4271 5134 6677 7793 
781 1565 2321 4029 5112 5599 6702 8106 
1006 1662 2770 3870 4929 6064 6727 7395 
207 1759 2195 3711 4746 5505 6752 7708 
432 1856 2644 3552 4563 5970 6777 8021 
657 1953 2069 3393 4380 5411 6802 7310 
882 1026 2518 3234 4197 5876 6827 7623 
83 1123 2967 3075 5038 5317 6852 7936 
308 1220 2392 3940 4855 5782 6877 7225 
533 1317 2841 3781 4672 5223 6902 7538 
758 1414 2266 3622 4489 5688 6927 7851 
983 1511 2715 3463 4306 5129 6952 8164 
184 1608 2140 3304 4123 5594 6977 7453 
409 1705 2589 3145 4964 6059 7002 7766 
634 1802 3038 4010 4781 5500 7027 8079 
859 1899 2463 3851 4598 5965 7052 7368 
60 1996 2912 3692 4415 5406 7077 7681 
285 1069 2337 3533 4232 5871 7102 7994 
510 1166 2786 3374 5073 5312 7127 7283 
735 1263 2211 3215 4890 5777 7152 7596 
960 1360 2660 4080 4707 5218 6153 7909 
161 1457 2085 3921 4524 5683 6178 7198 
386 1554 2534 3762 4341 5124 6203 7511 
611 1651 2983 3603 4158 5589 6228 7824 
836 1748 2408 3444 4999 6054 6253 8137 
37 1845 2857 3285 4816 5495 6278 7426 
262 1942 2282 3126 4633 5960 6303 7739 
487 2039 2731 3991 4450 5401 6328 8052 
712 1112 2156 3832 4267 5866 6353 7341 
937 1209 2605 3673 5108 5307 6378 7654 
138 1306 3054 3514 4925 5772 6403 7967 
363 1403 2479 3355 4742 5213 6428 7256 
588 1500 2928 3196 4559 5678 6453 7569 
813 1597 2353 4061 4376 6143 6478 7882 
14 1694 2802 3902 4193 5584 6503 7171 
239 1791 2227 3743 5034 6049 6528 7484 
464 1888 2676 3584 4851 5490 6553 7797 
689 1985 2101 3425 4668 5955 6578 8110 
914 1058 2550 3266 4485 5396 6603 7399 
115 1155 2999 3107 4302 5861 6628 7712 
340 1252 2424 3972 4119 5302 6653 8025 
565 1349 2873 3813 4960 5767 6678 7314 
790 1446 2298 3654 4777 5208 6703 7627 
1015 1543 2747 3495 4594 5673 6728 7940 
216 1640 2172 3336 4411 6138 6753 7229 
441 1737 2621 3177 4228 5579 6778 7542 
666 1834 3070 4042 5069 6044 6803 7855 
891 1931 2495 3883 4886 5485 6828 8168 
92 2028 2944 3724 4703 5950 6853 7457 
317 1101 2369 3565 4520 5391 6878 7770 
542 1198 2818 3406 4337 5856 6903 8083 
767 1295 2243 3247 4154 5297 6928 7372 
992 1392 2692 3088 4995 5762 6953 7685 
193 1489 2117 3953 4812 5203 6978 7998 
418 1586 2566 3794 4629 5668 7003 7287 
643 1683 3015 3635 4446 6133 7028 7600 
868 1780 2440 3476 4263 5574 7053 7913 
69 1877 2889 3317 5104 6039 7078 7202 
294 1974 2314 3158 4921 5480 7103 7515 
519 1047 2763 4023 4738 5945 7128 7828 
744 1144 2188 3864 4555 5386 7153 8141 
969 1241 2637 3705 4372 5851 6154 7430 
170 1338 2062 3546 4189 5292 6179 7743 
395 1435 2511 3387 5030 5757 6204 8056 
620 1532 2960 3228 4847 5198 6229 7345 
845 1629 2385 4093 4664 5663 6254 7658 
46 1726 2834 3934 4481 6128 6279 7971 
271 1823 2259 3775 4298 5569 6304 7260 
496 1920 2708 3616 4115 6034 6329 7573 
721 2017 2133 3457 4956 5475 6354 7886 
946 1090 2582 3298 4773 5940 6379 7175 
147 1187 3031 3139 4590 5381 6404 7488 
372 1284 2456 4004 4407 5846 6429 7801 
597 1381 2905 3845 4224 5287 6454 8114 
822 1478 2330 3686 5065 5752 6479 7403 
23 1575 2779 3527 4882 5193 6504 7716 
248 1672 2204 3368 4699 5658 6529 8029 
473 1769 2653 3209 4516 6123 6554 7318 
698 1866 2078 4074 4333 5564 6579 7631 
923 1963 2527 3915 4150 6029 6604 7944 
124 1036 2976 3756 4991 5470 6629 7233 
349 1133 2401 3597 4808 5935 6654 7546 
574 1230 2850 3438 4625 5376 6679 7859 
799 1327 2275 3279 4442 5841 6704 8172 
0 1424 2724 3120 4259 5282 6729 7461 
225 1521 2149 3985 5100 5747 6754 7774 
450 1618 2598 3826 4917 5188 6779 8087 
675 1715 3047 3667 4734 5653 6804 7376 
900 1812 2472 3508 4551 6118 6829 7689 
101 1909 2921 3349 4368 5559 6854 8002 
326 2006 2346 3190 4185 6024 6879 7291 
551 1079 2795 4055 5026 5465 6904 7604 
776 1176 2220 3896 4843 5930 6929 7917 
1001 1273 2669 3737 4660 5371 6954 7206 
202 1370 2094 3578 4477 5836 6979 7519 
427 1467 2543 3419 4294 5277 7004 7832 
652 1564 2992 3260 4111 5742 7029 8145 
877 1661 2417 3101 4952 5183 7054 7434 
78 1758 2866 3966 4769 5648 7079 7747 
303 1855 2291 3807 4586 6113 7104 8060 
528 1952 2740 3648 4403 5554 7129 7349 
753 1025 2165 3489 4220 6019 7154 7662 
978 1122 2614 3330 5061 5460 6155 7975 
179 1219 3063 3171 4878 5925 6180 7264 
404 1316 2488 4036 4695 5366 6205 7577 
629 1413 2937 3877 4512 5831 6230 7890 
854 1510 2362 3718 4329 5272 6255 7179 
55 1607 2811 3559 4146 5737 6280 7492 
280 1704 2236 3400 4987 5178 6305 7805 
505 1801 2685 3241 4804 5643 6330 8118 
730 1898 2110 3082 4621 6108 6355 7407 
955 1995 2559 3947 4438 5549 6380 7720 
156 1068 3008 3788 4255 6014 6405 8033 
381 1165 2433 3629 5096 5455 6430 7322 
606 1262 2882 3470 4913 5920 6455 7635 
831 1359 2307 3311 4730 5361 6480 7948 
32 1456 2756 3152 4547 5826 6505 7237 
257 1553 2181 4017 4364 5267 6530 7550 
482 1650 2630 3858 4181 5732 6555 7863 
707 1747 2055 3699 5022 5173 6580 8176 
932 1844 2504 3540 4839 5638 6605 7465 
133 1941 2953 3381 4656 6103 6630 7778 
358 2038 2378 3222 4473 5544 6655 8091 
583 1111 2827 4087 4290 6009 6680 7380 
808 1208 2252 3928 4107 5450 6705 7693 
9 1305 2701 3769 4948 5915 6730 8006 
234 1402 2126 3610 4765 5356 6755 7295 
459 1499 2575 3451 4582 5821 6780 7608 
684 1596 3024 3292 4399 5262 6805 7921 
909 1693 2449 3133 4216 5727 6830 7210 
110 1790 2898 3998 5057 5168 6855 7523 
335 1887 2323 3839 4874 5633 6880 7836 
560 1984 2772 3680 4691 6098 6905 8149 
785 1057 2197 3521 4508 5539 6930 7438 
1010 1154 2646 3362 4325 6004 6955 7751 
211 1251 2071 3203 4142 5445 6980 8064 
436 1348 2520 4068 4983 5910 7005 7353 
661 1445 2969 3909 4800 5351 7030 7666 
886 1542 2394 3750 4617 5816 7055 7979 
87 1639 2843 3591 4434 5257 7080 7268 
312 1736 2268 3432 4251 5722 7105 7581 
537 1833 2717 3273 5092 5163 7130 7894 
762 1930 2142 3114 4909 5628 7155 7183 
987 2027 2591 3979 4726 6093 6156 7496 
188 1100 3040 3820 4543 5534 6181 7809 
413 1197 2465 3661 4360 5999 6206 8122 
638 1294 2914 3502 4177 5440 6231 7411 
863 1391 2339 3343 5018 5905 6256 7724 
64 1488 2788 3184 4835 5346 6281 8037 
289 1585 2213 4049 4652 5811 6306 7326 
514 1682 2662 3890 4469 5252 6331 7639 
739 1779 2087 3731 4286 5717 6356 7952 
964 1876 2536 3572 4103 5158 6381 7241 
165 1973 2985 3413 4944 5623 6406 7554 
390 1046 2410 3254 4761 6088 6431 7867 
615 1143 2859 3095 4578 5529 6456 8180 
840 1240 2284 3960 4395 5994 6481 7469 
41 1337 2733 3801 4212 5435 6506 7782 
266 1434 2158 3642 5053 5900 6531 8095 
491 1531 2607 3483 4870 5341 6556 7384 
716 1628 3056 3324 4687 5806 6581 7697 
941 1725 2481 3165 4504 5247 6606 8010 
142 1822 2930 4030 4321 5712 6631 7299 
367 1919 2355 3871 4138 5153 6656 7612 
592 2016 2804 3712 4979 5618 6681 7925 
817 1089 2229 3553 4796 6083 6706 7214 
18 1186 2678 3394 4613 5524 6731 7527 
243 1283 2103 3235 4430 5989 6756 7840 
468 1380 2552 3076 4247 5430 6781 8153 
693 1477 3001 3941 5088 5895 6806 7442 
918 1574 2426 3782 4905 5336 6831 7755 
119 1671 2875 3623 4722 5801 6856 8068 
344 1768 2300 3464 4539 5242 6881 7357 
569 1865 2749 3305 4356 5707 6906 7670 
794 1962 2174 3146 4173 5148 6931 7983 
1019 1035 2623 4011 5014 5613 6956 7272 
220 1132 2048 3852 4831 6078 6981 7585 
445 1229 2497 3693 4648 5519 7006 7898 
670 1326 2946 3534 4465 5984 7031 7187 
895 1423 2371 3375 4282 5425 7056 7500 
96 1520 2820 3216 4099 5890 7081 7813 
321 1617 2245 4081 4940 5331 7106 8126 
546 1714 2694 3922 4757 5796 7131 7415 
771 1811 2119 3763 4574 5237 7156 7728 
996 1908 2568 3604 4391 5702 6157 8041 
197 2005 3017 3445 4208 5143 6182 7330 
422 1078 2442 3286 5049 5608 6207 7643 
647 1175 2891 3127 4866 6073 6232 7956 
872 1272 2316 3992 4683 5514 6257 7245 
73 1369 2765 3833 4500 5979 6282 7558 
298 1466 2190 3674 4317 5420 6307 7871 
523 1563 2639 3515 4134 5885 6332 8184 
748 1660 2064 3356 4975 5326 6357 7473 
973 1757 2513 3197 4792 5791 6382 7786 
174 1854 2962 4062 4609 5232 6407 8099 
399 1951 2387 3903 4426 5697 6432 7388 
624 1024 2836 3744 4243 5138 6457 7701 
849 1121 2261 3585 5084 5603 6482 8014 
50 1218 2710 3426 4901 6068 6507 7303 
275 1315 2135 3267 4718 5509 6532 7616 
500 1412 2584 3108 4535 5974 6557 7929 
725 1509 3033 3973 4352 5415 6582 7218 
950 1606 2458 3814 4169 5880 6607 7531 
151 1703 2907 3655 5010 5321 6632 7844 
376 1800 2332 3496 4827 5786 6657 8157 
601 1897 2781 3337 4644 5227 6682 7446 
826 1994 2206 3178 4461 5692 6707 7759 
27 1067 2655 4043 4278 5133 6732 8072 
252 1164 2080 3884 5119 5598 6757 7361 
477 1261 2529 3725 4936 6063 6782 7674 
702 1358 2978 3566 4753 5504 6807 7987 
927 1455 2403 3407 4570 5969 6832 7276 
128 1552 2852 3248 4387 5410 6857 7589 
353 1649 2277 3089 4204 5875 6882 7902 
578 1746 2726 3954 5045 5316 6907 7191 
803 1843 2151 3795 4862 5781 6932 7504 
4 1940 2600 3636 4679 5222 6957 7817 
229 2037 3049 3477 4496 5687 6982 8130 
454 1110 2474 3318 4313 5128 7007 7419 
679 1207 2923 3159 4130 5593 7032 7732 
904 1304 2348 4024 4971 6058 7057 8045 
105 1401 2797 3865 4788 5499 7082 7334 
330 1498 2222 3706 4605 5964 7107 7647 
555 1595 2671 3547 4422 5405 7132 7960 
780 1692 2096 3388 4239 5870 7157 7249 
1005 1789 2545 3229 5080 5311 6158 7562 
206 1886 2994 4094 4897 5776 6183 7875 
431 1983 2419 3935 4714 5217 6208 8188 
656 1056 2868 3776 4531 5682 6233 7477 
881 1153 2293 3617 4348 5123 6258 7790 
82 1250 2742 3458 4165 5588 6283 8103 
307 1347 2167 3299 5006 6053 6308 7392 
532 1444 2616 3140 4823 5494 6333 7705 
757 1541 3065 4005 4640 5959 6358 8018 
982 1638 2490 3846 4457 5400 6383 7307 
183 1735 2939 3687 4274 5865 6408 7620 
408 1832 2364 3528 5115 5306 6433 7933 
633 1929 2813 3369 4932 5771 6458 7222 
858 2026 2238 3210 4749 5212 6483 7535 
59 1099 2687 4075 4566 5677 6508 7848 
284 1196 2112 3916 4383 6142 6533 8161 
509 1293 2561 3757 4200 5583 6558 7450 
734 1390 3010 3598 5041 6048 6583 7763 
959 1487 2435 3439 4858 5489 6608 8076 
160 1584 2884 3280 4675 5954 6633 7365 
385 1681 2309 3121 4492 5395 6658 7678 
610 1778 2758 3986 4309 5860 6683 7991 
835 1875 2183 3827 4126 5301 6708 7280 
36 1972 2632 3668 4967 5766 6733 7593 
261 1045 2057 3509 4784 5207 6758 7906 
486 1142 2506 3350 4601 5672 6783 7195 
711 1239 2955 3191 4418 6137 6808 7508 
936 1336 2380 4056 4235 5578 6833 7821 
137 1433 2829 3897 5076 6043 6858 8134 
362 1530 2254 3738 4893 5484 6883 7423 
587 1627 2703 3579 4710 5949 6908 7736 
812 1724 2128 3420 4527 5390 6933 8049 
13 1821 2577 3261 4344 5855 6958 7338 
238 1918 3026 3102 4161 5296 6983 7651 
463 2015 2451 3967 5002 5761 7008 7964 
688 1088 2900 3808 4819 5202 7033 7253 
913 1185 2325 3649 4636 5667 7058 7566 
114 1282 2774 3490 4453 6132 7083 7879 
339 1379 2199 3331 4270 5573 7108 7168 
564 1476 2648 3172 5111 6038 7133 7481 
789 1573 2073 4037 4928 5479 7158 7794 
1014 1670 2522 3878 4745 5944 6159 8107 
215 1767 2971 3719 4562 5385 6184 7396 
440 1864 2396 3560 4379 5850 6209 7709 
665 1961 2845 3401 4196 5291 6234 8022 
890 1034 2270 3242 5037 5756 6259 7311 
91 1131 2719 3083 4854 5197 6284 7624 
316 1228 2144 3948 4671 5662 6309 7937 
541 1325 2593 3789 4488 6127 6334 7226 
766 1422 3042 3630 4305 5568 6359 7539 
991 1519 2467 3471 4122 6033 6384 7852 
192 1616 2916 3312 4963 5474 6409 8165 
417 1713 2341 3153 4780 5939 6434 7454 
642 1810 2790 4018 4597 5380 6459 7767 
867 1907 2215 3859 4414 5845 6484 8080 
68 2004 2664 3700 4231 5286 6509 7369 
293 1077 2089 3541 5072 5751 6534 7682 
518 1174 2538 3382 4889 5192 6559 7995 
743 1271 2987 3223 4706 5657 6584 7284 
968 1368 2412 4088 4523 6122 6609 7597 
169 1465 2861 3929 4340 5563 6634 7910 
394 1562 2286 3770 4157 6028 6659 7199 
619 1659 2735 3611 4998 5469 6684 7512 
844 1756 2160 3452 4815 5934 6709 7825 
45 1853 2609 3293 4632 5375 6734 8138 
270 1950 3058 3134 4449 5840 6759 7427 
495 2047 2483 3999 4266 5281 6784 7740 
720 1120 2932 3840 5107 5746 6809 8053 
945 1217 2357 3681 4924 5187 6834 7342 
146 1314 2806 3522 4741 5652 6859 7655 
371 1411 2231 3363 4558 6117 6884 7968 
596 1508 2680 3204 4375 5558 6909 7257 
821 1605 2105 4069 4192 6023 6934 7570 
22 1702 2554 3910 5033 5464 6959 7883 
247 1799 3003 3751 4850 5929 6984 7172 
472 1896 2428 3592 4667 5370 7009 7485 
697 1993 2877 3433 4484 5835 7034 7798 
922 1066 2302 3274 4301 5276 7059 8111 
123 1163 2751 3115 4118 5741 7084 7400 
348 1260 2176 3980 4959 5182 7109 7713 
573 1357 2625 3821 4776 5647 7134 8026 
798 1454 2050 3662 4593 6112 7159 7315 
1023 1551 2499 3503 4410 5553 6160 7628 
224 1648 2948 3344 4227 6018 6185 7941 
449 1745 2373 3185 5068 5459 6210 7230 
674 1842 2822 4050 4885 5924 6235 7543 
899 1939 2247 3891 4702 5365 6260 7856 
100 2036 2696 3732 4519 5830 6285 8169 
325 1109 2121 3573 4336 5271 6310 7458 
550 1206 2570 3414 4153 5736 6335 7771 
775 1303 3019 3255 4994 5177 6360 8084 
1000 1400 2444 3096 4811 5642 6385 7373 
201 1497 2893 3961 4628 6107 6410 7686 
426 1594 2318 3802 4445 5548 6435 7999 
651 1691 2767 3643 4262 6013 6460 7288 
876 1788 2192 3484 5103 5454 6485 7601 
77 1885 2641 3325 4920 5919 6510 7914 
302 1982 2066 3166 4737 5360 6535 7203 
527 1055 2515 4031 4554 5825 6560 7516 
752 1152 2964 3872 4371 5266 6585 7829 
977 1249 2389 3713 4188 5731 6610 8142 
178 1346 2838 3554 5029 5172 6635 7431 
403 1443 2263 3395 4846 5637 6660 7744 
628 1540 2712 3236 4663 6102 6685 8057 
853 1637 2137 3077 4480 5543 6710 7346 
54 1734 2586 3942 4297 6008 6735 7659 
279 1831 3035 3783 4114 5449 6760 7972 
504 1928 2460 3624 4955 5914 6785 7261 
729 2025 2909 3465 4772 5355 6810 7574 
954 1098 2334 3306 4589 5820 6835 7887 
155 1195 2783 3147 4406 5261 6860 7176 
380 1292 2208 4012 4223 5726 6885 7489 
605 1389 2657 3853 5064 5167 6910 7802 
830 1486 2082 3694 4881 5632 6935 8115 
31 1583 2531 3535 4698 6097 6960 7404 
256 1680 2980 3376 4515 5538 6985 7717 
481 1777 2405 3217 4332 6003 7010 8030 
706 1874 2854 4082 4149 5444 7035 7319 
931 1971 2279 3923 4990 5909 7060 7632 
132 1044 2728 3764 4807 5350 7085 7945 
357 1141 2153 3605 4624 5815 7110 7234 
582 1238 2602 3446 4441 5256 7135 7547 
807 1335 3051 3287 4258 5721 7160 7860 
8 1432 2476 3128 5099 5162 6161 8173 
233 1529 2925 3993 4916 5627 6186 7462 
458 1626 2350 3834 4733 6092 6211 7775 
683 1723 2799 3675 4550 5533 6236 8088 
908 1820 2224 3516 4367 5998 6261 7377 
109 1917 2673 3357 4184 5439 6286 7690 
334 2014 2098 3198 5025 5904 6311 8003 
559 1087 2547 4063 4842 5345 6336 7292 
784 1184 2996 3904 4659 5810 6361 7605 
1009 1281 2421 3745 4476 5251 6386 7918 
210 1378 2870 3586 4293 5716 6411 7207 
435 1475 2295 3427 4110 5157 6436 7520 
660 1572 2744 3268 4951 5622 6461 7833 
885 1669 2169 3109 4768 6087 6486 8146 
86 1766 2618 3974 4585 5528 6511 7435 
311 1863 3067 3815 4402 5993 6536 7748 
536 1960 2492 3656 4219 5434 6561 8061 
761 1033 2941 3497 5060 5899 6586 7350 
986 1130 2366 3338 4877 5340 6611 7663 
187 1227 2815 3179 4694 5805 6636 7976 
412 1324 2240 4044 4511 5246 6661 7265 
637 1421 2689 3885 4328 5711 6686 7578 
862 1518 2114 3726 4145 5152 6711 7891 
63 1615 2563 3567 4986 5617 6736 7180 
288 1712 3012 3408 4803 6082 6761 7493 
513 1809 2437 3249 4620 5523 6786 7806 
738 1906 2886 3090 4437 5988 6811 8119 
963 2003 2311 3955 4254 5429 6836 7408 
164 1076 2760 3796 5095 5894 6861 7721 
389 1173 2185 3637 4912 5335 6886 8034 
614 1270 2634 3478 4729 5800 6911 7323 
839 1367 2059 3319 4546 5241 6936 7636 
40 1464 2508 3160 4363 5706 6961 7949 
265 1561 2957 4025 4180 5147 6986 7238 
490 1658 2382 3866 5021 5612 7011 7551 
715 1755 2831 3707 4838 6077 7036 7864 
940 1852 2256 3548 4655 5518 7061 8177 
141 1949 2705 3389 4472 5983 7086 7466 
366 2046 2130 3230 4289 5424 7111 7779 
591 1119 2579 4095 4106 5889 7136 8092 
816 1216 3028 3936 4947 5330 7161 7381 
17 1313 2453 3777 4764 5795 6162 7694 
242 1410 2902 3618 4581 5236 6187 8007 
467 1507 2327 3459 4398 5701 6212 7296 
692 1604 2776 3300 4215 5142 6237 7609 
917 1701 2201 3141 5056 5607 6262 7922 
118 1798 2650 4006 4873 6072 6287 7211 
343 1895 2075 3847 4690 5513 6312 7524 
568 1992 2524 3688 4507 5978 6337 7837 
793 1065 2973 3529 4324 5419 6362 8150 
1018 1162 2398 3370 4141 5884 6387 7439 
219 1259 2847 3211 4982 5325 6412 7752 
444 1356 2272 4076 4799 5790 6437 8065 
669 1453 2721 3917 4616 5231 6462 7354 
894 1550 2146 3758 4433 5696 6487 7667 
95 1647 2595 3599 4250 5137 6512 7980 
320 1744 3044 3440 5091 5602 6537 7269 
545 1841 2469 3281 4908 6067 6562 7582 
770 1938 2918 3122 4725 5508 6587 7895 
995 2035 2343 3987 4542 5973 6612 7184 
196 1108 2792 3828 4359 5414 6637 7497 
421 1205 2217 3669 4176 5879 6662 7810 
646 1302 2666 3510 5017 5320 6687 8123 
871 1399 2091 3351 4834 5785 6712 7412 
72 1496 2540 3192 4651 5226 6737 7725 
297 1593 2989 4057 4468 5691 6762 8038 
522 1690 2414 3898 4285 5132 6787 7327 
747 1787 2863 3739 4102 5597 6812 7640 
972 1884 2288 3580 4943 6062 6837 7953 
173 1981 2737 3421 4760 5503 6862 7242 
398 1054 2162 3262 4577 5968 6887 7555 
623 1151 2611 3103 4394 5409 6912 7868 
848 1248 3060 3968 4211 5874 6937 8181 
49 1345 2485 3809 5052 5315 6962 7470 
274 1442 2934 3650 4869 5780 6987 7783 
499 1539 2359 3491 4686 5221 7012 8096 
724 1636 2808 3332 4503 5686 7037 7385 
949 1733 2233 3173 4320 5127 7062 7698 
150 1830 2682 4038 4137 5592 7087 8011 
375 1927 2107 3879 4978 6057 7112 7300 
600 2024 2556 3720 4795 5498 7137 7613 
825 1097 3005 3561 4612 5963 7162 7926 
26 1194 2430 3402 4429 5404 6163 7215 
251 1291 2879 3243 4246 5869 6188 7528 
476 1388 2304 3084 5087 5310 6213 7841 
701 1485 2753 3949 4904 5775 6238 8154 
926 1582 2178 3790 4721 5216 6263 7443 
127 1679 2627 3631 4538 5681 6288 7756 
352 1776 2052 3472 4355 5122 6313 8069 
577 1873 2501 3313 4172 5587 6338 7358 
802 1970 2950 3154 5013 6052 6363 7671 
3 1043 2375 4019 4830 5493 6388 7984 
228 1140 2824 3860 4647 5958 6413 7273 
453 1237 2249 3701 4464 5399 6438 7586 
678 1334 2698 3542 4281 5864 6463 7899 
903 1431 2123 3383 4098 5305 6488 7188 
104 1528 2572 3224 4939 5770 6513 7501 
329 1625 3021 4089 4756 5211 6538 7814 
554 1722 2446 3930 4573 5676 6563 8127 
779 1819 2895 3771 4390 6141 6588 7416 
1004 1916 2320 3612 4207 5582 6613 7729 
205 2013 2769 3453 5048 6047 6638 8042 
430 1086 2194 3294 4865 5488 6663 7331 
655 1183 2643 3135 4682 5953 6688 7644 
880 1280 2068 4000 4499 5394 6713 7957 
81 1377 2517 3841 4316 5859 6738 7246 
306 1474 2966 3682 4133 5300 6763 7559 
531 1571 2391 3523 4974 5765 6788 7872 
756 1668 2840 3364 4791 5206 6813 8185 
981 1765 2265 3205 4608 5671 6838 7474 
182 1862 2714 4070 4425 6136 6863 7787 
407 1959 2139 3911 4242 5577 6888 8100 
632 1032 2588 3752 5083 6042 6913 7389 
857 1129 3037 3593 4900 5483 6938 7702 
58 1226 2462 3434 4717 5948 6963 8015 
283 1323 2911 3275 4534 5389 6988 7304 
508 1420 2336 3116 4351 5854 7013 7617 
733 1517 2785 3981 4168 5295 7038 7930 
958 1614 2210 3822 5009 5760 7063 7219 
159 1711 2659 3663 4826 5201 7088 7532 
384 1808 2084 3504 4643 5666 7113 7845 
609 1905 2533 3345 4460 6131 7138 8158 
834 2002 2982 3186 4277 5572 7163 7447 
35 1075 2407 4051 5118 6037 6164 7760 
260 1172 2856 3892 4935 5478 6189 8073 
485 1269 2281 3733 4752 5943 6214 7362 
710 1366 2730 3574 4569 5384 6239 7675 
935 1463 2155 3415 4386 5849 6264 7988 
136 1560 2604 3256 4203 5290 6289 7277 
361 1657 3053 3097 5044 5755 6314 7590 
586 1754 2478 3962 4861 5196 6339 7903 
811 1851 2927 3803 4678 5661 6364 7192 
12 1948 2352 3644 4495 6126 6389 7505 
237 2045 2801 3485 4312 5567 6414 7818 
462 1118 2226 3326 4129 6032 6439 8131 
687 1215 2675 3167 4970 5473 6464 7420 
912 1312 2100 4032 4787 5938 6489 7733 
113 1409 2549 3873 4604 5379 6514 8046 
338 1506 2998 3714 4421 5844 6539 7335 
563 1603 2423 3555 4238 5285 6564 7648 
788 1700 2872 3396 5079 5750 6589 7961 
1013 1797 2297 3237 4896 5191 6614 7250 
214 1894 2746 3078 4713 5656 6639 7563 
439 1991 2171 3943 4530 6121 6664 7876 
664 1064 2620 3784 4347 5562 6689 8189 
889 1161 3069 3625 4164 6027 6714 7478 
90 1258 2494 3466 5005 5468 6739 7791 
315 1355 2943 3307 4822 5933 6764 8104 
540 1452 2368 3148 4639 5374 6789 7393 
765 1549 2817 4013 4456 5839 6814 7706 
990 1646 2242 3854 4273 5280 6839 8019 
191 1743 2691 3695 5114 5745 6864 7308 
416 1840 2116 3536 4931 5186 6889 7621 
641 1937 2565 3377 4748 5651 6914 7934 
866 2034 3014 3218 4565 6116 6939 7223 
67 1107 2439 4083 4382 5557 6964 7536 
852 1316 2228 3912 4777 5223 7046 8013 
693 1541 2325 3337 5090 6064 6487 8038 
534 1766 2422 3786 4379 5881 6952 8063 
375 1991 2519 3211 4692 5698 6393 8088 
216 1192 2616 3660 5005 5515 6858 8113 
57 1417 2713 3085 4294 5332 6299 8138 
922 1642 2810 3534 4607 5149 6764 8163 
763 1867 2907 3983 4920 5990 6205 8188 
604 1068 3004 3408 4209 5807 6670 7189 
445 1293 2077 3857 4522 5624 7135 7214 
286 1518 2174 3282 4835 5441 6576 7239 
127 1743 2271 3731 4124 5258 7041 7264 
992 1968 2368 3156 4437 6099 6482 7289 
833 1169 2465 3605 4750 5916 6947 7314 
674 1394 2562 4054 5063 5733 6388 7339 
515 1619 2659 3479 4352 5550 6853 7364 
356 1844 2756 3928 4665 5367 6294 7389 
197 1045 2853 3353 4978 5184 6759 7414 
38 1270 2950 3802 4267 6025 6200 7439 
903 1495 3047 3227 4580 5842 6665 7464 
744 1720 2120 3676 4893 5659 7130 7489 
585 1945 2217 3101 4182 5476 6571 7514 
426 1146 2314 3550 4495 5293 7036 7539 
267 1371 2411 3999 4808 6134 6477 7564 
108 1596 2508 3424 4097 5951 6942 7589 
973 1821 2605 3873 4410 5768 6383 7614 
814 2046 2702 3298 4723 5585 6848 7639 
655 1247 2799 3747 5036 5402 6289 7664 
496 1472 2896 3172 4325 5219 6754 7689 
337 1697 2993 3621 4638 6060 6195 7714 
178 1922 2066 4070 4951 5877 6660 7739 
19 1123 2163 3495 4240 5694 7125 7764 
884 1348 2260 3944 4553 5511 6566 7789 
725 1573 2357 3369 4866 5328 7031 7814 
566 1798 2454 3818 4155 5145 6472 7839 
407 2023 2551 3243 4468 5986 6937 7864 
248 1224 2648 3692 4781 5803 6378 7889 
89 1449 2745 3117 5094 5620 6843 7914 
954 1674 2842 3566 4383 5437 6284 7939 
795 1899 2939 4015 4696 5254 6749 7964 
636 1100 3036 3440 5009 6095 6190 7989 
477 1325 2109 3889 4298 5912 6655 8014 
318 1550 2206 3314 4611 5729 7120 8039 
159 1775 2303 3763 4924 5546 6561 8064 
0 2000 2400 3188 4213 5363 7026 8089 
865 1201 2497 3637 4526 5180 6467 8114 
706 1426 2594 4086 4839 6021 6932 8139 
547 1651 2691 3511 4128 5838 6373 8164 
388 1876 2788 3960 4441 5655 6838 8189 
229 1077 2885 3385 4754 5472 6279 7190 
70 1302 2982 3834 5067 5289 6744 7215 
935 1527 2055 3259 4356 6130 6185 7240 
776 1752 2152 3708 4669 5947 6650 7265 
617 1977 2249 3133 4982 5764 7115 7290 
458 1178 2346 3582 4271 5581 6556 7315 
299 1403 2443 4031 4584 5398 7021 7340 
140 1628 2540 3456 4897 5215 6462 7365 
1005 1853 2637 3905 4186 6056 6927 7390 
846 1054 2734 3330 4499 5873 6368 7415 
687 1279 2831 3779 4812 5690 6833 7440 
528 1504 2928 3204 4101 5507 6274 7465 
369 1729 3025 3653 4414 5324 6739 7490 
210 1954 2098 3078 4727 5141 6180 7515 
51 1155 2195 3527 5040 5982 6645 7540 
916 1380 2292 3976 4329 5799 7110 7565 
757 1605 2389 3401 4642 5616 6551 7590 
598 1830 2486 3850 4955 5433 7016 7615 
439 1031 2583 3275 4244 5250 6457 7640 
280 1256 2680 3724 4557 6091 6922 7665 
121 1481 2777 3149 4870 5908 6363 7690 
986 1706 2874 3598 4159 5725 6828 7715 
827 1931 2971 4047 4472 5542 6269 7740 
668 1132 3068 3472 4785 5359 6734 7765 
509 1357 2141 3921 5098 5176 6175 7790 
350 1582 2238 3346 4387 6017 6640 7815 
191 1807 2335 3795 4700 5834 7105 7840 
32 2032 2432 3220 5013 5651 6546 7865 
897 1233 2529 3669 4302 5468 7011 7890 
738 1458 2626 3094 4615 5285 6452 7915 
579 1683 2723 3543 4928 6126 6917 7940 
420 1908 2820 3992 4217 5943 6358 7965 
261 1109 2917 3417 4530 5760 6823 7990 
102 1334 3014 3866 4843 5577 6264 8015 
967 1559 2087 3291 4132 5394 6729 8040 
808 1784 2184 3740 4445 5211 6170 8065 
649 2009 2281 3165 4758 6052 6635 8090 
490 1210 2378 3614 5071 5869 7100 8115 
331 1435 2475 4063 4360 5686 6541 8140 
172 1660 2572 3488 4673 5503 7006 8165 
13 1885 2669 3937 4986 5320 6447 8190 
878 1086 2766 3362 4275 5137 6912 7191 
719 1311 2863 3811 4588 5978 6353 7216 
560 1536 2960 3236 4901 5795 6818 7241 
401 1761 3057 3685 4190 5612 6259 7266 
242 1986 2130 3110 4503 5429 6724 7291 
83 1187 2227 3559 4816 5246 6165 7316 
948 1412 2324 4008 4105 6087 6630 7341 
789 1637 2421 3433 4418 5904 7095 7366 
630 1862 2518 3882 4731 5721 6536 7391 
471 1063 2615 3307 5044 5538 7001 7416 
312 1288 2712 3756 4333 5355 6442 7441 
153 1513 2809 3181 4646 5172 6907 7466 
1018 1738 2906 3630 4959 6013 6348 7491 
859 1963 3003 4079 4248 5830 6813 7516 
700 1164 2076 3504 4561 5647 6254 7541 
541 1389 2173 3953 4874 5464 6719 7566 
382 1614 2270 3378 4163 5281 6160 7591 
223 1839 2367 3827 4476 6122 6625 7616 
64 1040 2464 3252 4789 5939 7090 7641 
929 1265 2561 3701 5102 5756 6531 7666 
770 1490 2658 3126 4391 5573 6996 7691 
611 1715 2755 3575 4704 5390 6437 7716 
452 1940 2852 4024 5017 5207 6902 7741 
293 1141 2949 3449 4306 6048 6343 7766 
134 1366 3046 3898 4619 5865 6808 7791 
999 1591 2119 3323 4932 5682 6249 7816 
840 1816 2216 3772 4221 5499 6714 7841 
681 2041 2313 3197 4534 5316 6155 7866 
522 1242 2410 3646 4847 5133 6620 7891 
363 1467 2507 4095 4136 5974 7085 7916 
204 1692 2604 3520 4449 5791 6526 7941 
45 1917 2701 3969 4762 5608 6991 7966 
910 1118 2798 3394 5075 5425 6432 7991 
751 1343 2895 3843 4364 5242 6897 8016 
592 1568 2992 3268 4677 6083 6338 8041 
433 1793 2065 3717 4990 5900 6803 8066 
274 2018 2162 3142 4279 5717 6244 8091 
115 1219 2259 3591 4592 5534 6709 8116 
980 1444 2356 4040 4905 5351 6150 8141 
821 1669 2453 3465 4194 5168 6615 8166 
662 1894 2550 3914 4507 6009 7080 8191 
503 1095 2647 3339 4820 5826 6521 7192 
344 1320 2744 3788 4109 5643 6986 7217 
185 1545 2841 3213 4422 5460 6427 7242 
26 1770 2938 3662 4735 5277 6892 7267 
891 1995 3035 3087 5048 6118 6333 7292 
732 1196 2108 3536 4337 5935 6798 7317 
573 1421 2205 3985 4650 5752 6239 7342 
414 1646 2302 3410 4963 5569 6704 7367 
255 1871 2399 3859 4252 5386 6145 7392 
96 1072 2496 3284 4565 5203 6610 7417 
961 1297 2593 3733 4878 6044 7075 7442 
802 1522 2690 3158 4167 5861 6516 7467 
643 1747 2787 3607 4480 5678 6981 7492 
484 1972 2884 4056 4793 5495 6422 7517 
325 1173 2981 3481 5106 5312 6887 7542 
166 1398 2054 3930 4395 5129 6328 7567 
7 1623 2151 3355 4708 5970 6793 7592 
872 1848 2248 3804 5021 5787 6234 7617 
713 1049 2345 3229 4310 5604 6699 7642 
554 1274 2442 3678 4623 5421 7164 7667 
395 1499 2539 3103 4936 5238 6605 7692 
236 1724 2636 3552 4225 6079 7070 7717 
77 1949 2733 4001 4538 5896 6511 7742 
942 1150 2830 3426 4851 5713 6976 7767 
783 1375 2927 3875 4140 5530 6417 7792 
624 1600 3024 3300 4453 5347 6882 7817 
465 1825 2097 3749 4766 5164 6323 7842 
306 1026 2194 3174 5079 6005 6788 7867 
147 1251 2291 3623 4368 5822 6229 7892 
1012 1476 2388 4072 4681 5639 6694 7917 
853 1701 2485 3497 4994 5456 7159 7942 
694 1926 2582 3946 4283 5273 6600 7967 
535 1127 2679 3371 4596 6114 7065 7992 
376 1352 2776 3820 4909 5931 6506 8017 
217 1577 2873 3245 4198 5748 6971 8042 
58 1802 2970 3694 4511 5565 6412 8067 
923 2027 3067 3119 4824 5382 6877 8092 
764 1228 2140 3568 4113 5199 6318 8117 
605 1453 2237 4017 4426 6040 6783 8142 
446 1678 2334 3442 4739 5857 6224 8167 
287 1903 2431 3891 5052 5674 6689 7168 
128 1104 2528 3316 4341 5491 7154 7193 
993 1329 2625 3765 4654 5308 6595 7218 
834 1554 2722 3190 4967 5125 7060 7243 
675 1779 2819 3639 4256 5966 6501 7268 
516 2004 2916 4088 4569 5783 6966 7293 
357 1205 3013 3513 4882 5600 6407 7318 
198 1430 2086 3962 4171 5417 6872 7343 
39 1655 2183 3387 4484 5234 6313 7368 
904 1880 2280 3836 4797 6075 6778 7393 
745 1081 2377 3261 5110 5892 6219 7418 
586 1306 2474 3710 4399 5709 6684 7443 
427 1531 2571 3135 4712 5526 7149 7468 
268 1756 2668 3584 5025 5343 6590 7493 
109 1981 2765 4033 4314 5160 7055 7518 
974 1182 2862 3458 4627 6001 6496 7543 
815 1407 2959 3907 4940 5818 6961 7568 
656 1632 3056 3332 4229 5635 6402 7593 
497 1857 2129 3781 4542 5452 6867 7618 
338 1058 2226 3206 4855 5269 6308 7643 
179 1283 2323 3655 4144 6110 6773 7668 
20 1508 2420 3080 4457 5927 6214 7693 
885 1733 2517 3529 4770 5744 6679 7718 
726 1958 2614 3978 5083 5561 7144 7743 
567 1159 2711 3403 4372 5378 6585 7768 
408 1384 2808 3852 4685 5195 7050 7793 
249 1609 2905 3277 4998 6036 6491 7818 
90 1834 3002 3726 4287 5853 6956 7843 
955 1035 2075 3151 4600 5670 6397 7868 
796 1260 2172 3600 4913 5487 6862 7893 
637 1485 2269 4049 4202 5304 6303 7918 
478 1710 2366 3474 4515 5121 6768 7943 
319 1935 2463 3923 4828 5962 6209 7968 
160 1136 2560 3348 4117 5779 6674 7993 
1 1361 2657 3797 4430 5596 7139 8018 
866 1586 2754 3222 4743 5413 6580 8043 
707 1811 2851 3671 5056 5230 7045 8068 
548 2036 2948 3096 4345 6071 6486 8093 
389 1237 3045 3545 4658 5888 6951 8118 
230 1462 2118 3994 4971 5705 6392 8143 
71 1687 2215 3419 4260 5522 6857 8168 
936 1912 2312 3868 4573 5339 6298 7169 
777 1113 2409 3293 4886 5156 6763 7194 
618 1338 2506 3742 4175 5997 6204 7219 
459 1563 2603 3167 4488 5814 6669 7244 
300 1788 2700 3616 4801 5631 7134 7269 
141 2013 2797 4065 5114 5448 6575 7294 
1006 1214 2894 3490 4403 5265 7040 7319 
847 1439 2991 3939 4716 6106 6481 7344 
688 1664 2064 3364 5029 5923 6946 7369 
529 1889 2161 3813 4318 5740 6387 7394 
370 1090 2258 3238 4631 5557 6852 7419 
211 1315 2355 3687 4944 5374 6293 7444 
52 1540 2452 3112 4233 5191 6758 7469 
917 1765 2549 3561 4546 6032 6199 7494 
758 1990 2646 4010 4859 5849 6664 7519 
599 1191 2743 3435 4148 5666 7129 7544 
440 1416 2840 3884 4461 5483 6570 7569 
281 1641 2937 3309 4774 5300 7035 7594 
122 1866 3034 3758 5087 6141 6476 7619 
987 1067 2107 3183 4376 5958 6941 7644 
828 1292 2204 3632 4689 5775 6382 7669 
669 1517 2301 4081 5002 5592 6847 7694 
510 1742 2398 3506 4291 5409 6288 7719 
351 1967 2495 3955 4604 5226 6753 7744 
192 1168 2592 3380 4917 6067 6194 7769 
33 1393 2689 3829 4206 5884 6659 7794 
898 1618 2786 3254 4519 5701 7124 7819 
739 1843 2883 3703 4832 5518 6565 7844 
580 1044 2980 3128 4121 5335 7030 7869 
421 1269 2053 3577 4434 5152 6471 7894 
262 1494 2150 4026 4747 5993 6936 7919 
103 1719 2247 3451 5060 5810 6377 7944 
968 1944 2344 3900 4349 5627 6842 7969 
809 1145 2441 3325 4662 5444 6283 7994 
650 1370 2538 3774 4975 5261 6748 8019 
491 1595 2635 3199 4264 6102 6189 8044 
332 1820 2732 3648 4577 5919 6654 8069 
173 2045 2829 3073 4890 5736 7119 8094 
14 1246 2926 3522 4179 5553 6560 8119 
879 1471 3023 3971 4492 5370 7025 8144 
720 1696 2096 3396 4805 5187 6466 8169 
561 1921 2193 3845 5118 6028 6931 7170 
402 1122 2290 3270 4407 5845 6372 7195 
243 1347 2387 3719 4720 5662 6837 7220 
84 1572 2484 3144 5033 5479 6278 7245 
949 1797 2581 3593 4322 5296 6743 7270 
790 2022 2678 4042 4635 6137 6184 7295 
631 1223 2775 3467 4948 5954 6649 7320 
472 1448 2872 3916 4237 5771 7114 7345 
313 1673 2969 3341 4550 5588 6555 7370 
154 1898 3066 3790 4863 5405 7020 7395 
1019 1099 2139 3215 4152 5222 6461 7420 
860 1324 2236 3664 4465 6063 6926 7445 
701 1549 2333 3089 4778 5880 6367 7470 
542 1774 2430 3538 5091 5697 6832 7495 
383 1999 2527 3987 4380 5514 6273 7520 
224 1200 2624 3412 4693 5331 6738 7545 
65 1425 2721 3861 5006 5148 6179 7570 
930 1650 2818 3286 4295 5989 6644 7595 
771 1875 2915 3735 4608 5806 7109 7620 
612 1076 3012 3160 4921 5623 6550 7645 
453 1301 2085 3609 4210 5440 7015 7670 
294 1526 2182 4058 4523 5257 6456 7695 
135 1751 2279 3483 4836 6098 6921 7720 
1000 1976 2376 3932 4125 5915 6362 7745 
841 1177 2473 3357 4438 5732 6827 7770 
682 1402 2570 3806 4751 5549 6268 7795 
523 1627 2667 3231 5064 5366 6733 7820 
364 1852 2764 3680 4353 5183 6174 7845 
205 1053 2861 3105 4666 6024 6639 7870 
46 1278 2958 3554 4979 5841 7104 7895 
911 1503 3055 4003 4268 5658 6545 7920 
752 1728 2128 3428 4581 5475 7010 7945 
593 1953 2225 3877 4894 5292 6451 7970 
434 1154 2322 3302 4183 6133 6916 7995 
275 1379 2419 3751 4496 5950 6357 8020 
116 1604 2516 3176 4809 5767 6822 8045 
981 1829 2613 3625 4098 5584 6263 8070 
822 1030 2710 4074 4411 5401 6728 8095 
663 1255 2807 3499 4724 5218 6169 8120 
504 1480 2904 3948 5037 6059 6634 8145 
345 1705 3001 3373 4326 5876 7099 8170 
186 1930 2074 3822 4639 5693 6540 7171 
27 1131 2171 3247 4952 5510 7005 7196 
892 1356 2268 3696 4241 5327 6446 7221 
733 1581 2365 3121 4554 5144 6911 7246 
574 1806 2462 3570 4867 5985 6352 7271 
415 2031 2559 4019 4156 5802 6817 7296 
256 1232 2656 3444 4469 5619 6258 7321 
97 1457 2753 3893 4782 5436 6723 7346 
962 1682 2850 3318 5095 5253 6164 7371 
803 1907 2947 3767 4384 6094 6629 7396 
644 1108 3044 3192 4697 5911 7094 7421 
485 1333 2117 3641 5010 5728 6535 7446 
326 1558 2214 4090 4299 5545 7000 7471 
167 1783 2311 3515 4612 5362 6441 7496 
8 2008 2408 3964 4925 5179 6906 7521 
873 1209 2505 3389 4214 6020 6347 7546 
714 1434 2602 3838 4527 5837 6812 7571 
555 1659 2699 3263 4840 5654 6253 7596 
396 1884 2796 3712 4129 5471 6718 7621 
237 1085 2893 3137 4442 5288 6159 7646 
78 1310 2990 3586 4755 6129 6624 7671 
943 1535 2063 4035 5068 5946 7089 7696 
784 1760 2160 3460 4357 5763 6530 7721 
625 1985 2257 3909 4670 5580 6995 7746 
466 1186 2354 3334 4983 5397 6436 7771 
307 1411 2451 3783 4272 5214 6901 7796 
148 1636 2548 3208 4585 6055 6342 7821 
1013 1861 2645 3657 4898 5872 6807 7846 
854 1062 2742 3082 4187 5689 6248 7871 
695 1287 2839 3531 4500 5506 6713 7896 
536 1512 2936 3980 4813 5323 6154 7921 
377 1737 3033 3405 4102 5140 6619 7946 
218 1962 2106 3854 4415 5981 7084 7971 
59 1163 2203 3279 4728 5798 6525 7996 
924 1388 2300 3728 5041 5615 6990 8021 
765 1613 2397 3153 4330 5432 6431 8046 
606 1838 2494 3602 4643 5249 6896 8071 
447 1039 2591 4051 4956 6090 6337 8096 
288 1264 2688 3476 4245 5907 6802 8121 
129 1489 2785 3925 4558 5724 6243 8146 
994 1714 2882 3350 4871 5541 6708 8171 
835 1939 2979 3799 4160 5358 6149 7172 
676 1140 2052 3224 4473 5175 6614 7197 
517 1365 2149 3673 4786 6016 7079 7222 
358 1590 2246 3098 5099 5833 6520 7247 
199 1815 2343 3547 4388 5650 6985 7272 
40 2040 2440 3996 4701 5467 6426 7297 
905 1241 2537 3421 5014 5284 6891 7322 
746 1466 2634 3870 4303 6125 6332 7347 
587 1691 2731 3295 4616 5942 6797 7372 
428 1916 2828 3744 4929 5759 6238 7397 
269 1117 2925 3169 4218 5576 6703 7422 
110 1342 3022 3618 4531 5393 6144 7447 
975 1567 2095 4067 4844 5210 6609 7472 
816 1792 2192 3492 4133 6051 7074 7497 
657 2017 2289 3941 4446 5868 6515 7522 
498 1218 2386 3366 4759 5685 6980 7547 
339 1443 2483 3815 5072 5502 6421 7572 
180 1668 2580 3240 4361 5319 6886 7597 
21 1893 2677 3689 4674 5136 6327 7622 
886 1094 2774 3114 4987 5977 6792 7647 
727 1319 2871 3563 4276 5794 6233 7672 
568 1544 2968 4012 4589 5611 6698 7697 
409 1769 3065 3437 4902 5428 7163 7722 
250 1994 2138 3886 4191 5245 6604 7747 
91 1195 2235 3311 4504 6086 7069 7772 
956 1420 2332 3760 4817 5903 6510 7797 
797 1645 2429 3185 4106 5720 6975 7822 
638 1870 2526 3634 4419 5537 6416 7847 
479 1071 2623 4083 4732 5354 6881 7872 
320 1296 2720 3508 5045 5171 6322 7897 
161 1521 2817 3957 4334 6012 6787 7922 
2 1746 2914 3382 4647 5829 6228 7947 
867 1971 3011 3831 4960 5646 6693 7972 
708 1172 2084 3256 4249 5463 7158 7997 
549 1397 2181 3705 4562 5280 6599 8022 
390 1622 2278 3130 4875 6121 7064 8047 
231 1847 2375 3579 4164 5938 6505 8072 
72 1048 2472 4028 4477 5755 6970 8097 
937 1273 2569 3453 4790 5572 6411 8122 
778 1498 2666 3902 5103 5389 6876 8147 
619 1723 2763 3327 4392 5206 6317 8172 
460 1948 2860 3776 4705 6047 6782 7173 
301 1149 2957 3201 5018 5864 6223 7198 
142 1374 3054 3650 4307 5681 6688 7223 
1007 1599 2127 3075 4620 5498 7153 7248 
848 1824 2224 3524 4933 5315 6594 7273 
689 1025 2321 3973 4222 5132 7059 7298 
530 1250 2418 3398 4535 5973 6500 7323 
371 1475 2515 3847 4848 5790 6965 7348 
212 1700 2612 3272 4137 5607 6406 7373 
53 1925 2709 3721 4450 5424 6871 7398 
918 1126 2806 3146 4763 5241 6312 7423 
759 1351 2903 3595 5076 6082 6777 7448 
600 1576 3000 4044 4365 5899 6218 7473 
441 1801 2073 3469 4678 5716 6683 7498 
282 2026 2170 3918 4991 5533 7148 7523 
123 1227 2267 3343 4280 5350 6589 7548 
988 1452 2364 3792 4593 5167 7054 7573 
829 1677 2461 3217 4906 6008 6495 7598 
670 1902 2558 3666 4195 5825 6960 7623 
511 1103 2655 3091 4508 5642 6401 7648 
352 1328 2752 3540 4821 5459 6866 7673 
193 1553 2849 3989 4110 5276 6307 7698 
34 1778 2946 3414 4423 6117 6772 7723 
899 2003 3043 3863 4736 5934 6213 7748 
740 1204 2116 3288 5049 5751 6678 7773 
581 1429 2213 3737 4338 5568 7143 7798 
422 1654 2310 3162 4651 5385 6584 7823 
263 1879 2407 3611 4964 5202 7049 7848 
104 1080 2504 4060 4253 6043 6490 7873 
969 1305 2601 3485 4566 5860 6955 7898 
810 1530 2698 3934 4879 5677 6396 7923 
651 1755 2795 3359 4168 5494 6861 7948 
492 1980 2892 3808 4481 5311 6302 7973 
333 1181 2989 3233 4794 5128 6767 7998 
174 1406 2062 3682 5107 5969 6208 8023 
15 1631 2159 3107 4396 5786 6673 8048 
880 1856 2256 3556 4709 5603 7138 8073 
721 1057 2353 4005 5022 5420 6579 8098 
562 1282 2450 3430 4311 5237 7044 8123 
403 1507 2547 3879 4624 6078 6485 8148 
244 1732 2644 3304 4937 5895 6950 8173 
85 1957 2741 3753 4226 5712 6391 7174 
950 1158 2838 3178 4539 5529 6856 7199 
791 1383 2935 3627 4852 5346 6297 7224 
632 1608 3032 4076 4141 5163 6762 7249 
473 1833 2105 3501 4454 6004 6203 7274 
314 1034 2202 3950 4767 5821 6668 7299 
155 1259 2299 3375 5080 5638 7133 7324 
1020 1484 2396 3824 4369 5455 6574 7349 
861 1709 2493 3249 4682 5272 7039 7374 
702 1934 2590 3698 4995 6113 6480 7399 
543 1135 2687 3123 4284 5930 6945 7424 
384 1360 2784 3572 4597 5747 6386 7449 
225 1585 2881 4021 4910 5564 6851 7474 
66 1810 2978 3446 4199 5381 6292 7499 
931 2035 2051 3895 4512 5198 6757 7524 
772 1236 2148 3320 4825 6039 6198 7549 
613 1461 2245 3769 4114 5856 6663 7574 
454 1686 2342 3194 4427 5673 7128 7599 
295 1911 2439 3643 4740 5490 6569 7624 
136 1112 2536 4092 5053 5307 7034 7649 
1001 1337 2633 3517 4342 5124 6475 7674 
842 1562 2730 3966 4655 5965 6940 7699 
683 1787 2827 3391 4968 5782 6381 7724 
524 2012 2924 3840 4257 5599 6846 7749 
365 1213 3021 3265 4570 5416 6287 7774 
206 1438 2094 3714 4883 5233 6752 7799 
47 1663 2191 3139 4172 6074 6193 7824 
912 1888 2288 3588 4485 5891 6658 7849 
753 1089 2385 4037 4798 5708 7123 7874 
594 1314 2482 3462 5111 5525 6564 7899 
435 1539 2579 3911 4400 5342 7029 7924 
276 1764 2676 3336 4713 5159 6470 7949 
117 1989 2773 3785 5026 6000 6935 7974 
982 1190 2870 3210 4315 5817 6376 7999 
823 1415 2967 3659 4628 5634 6841 8024 
664 1640 3064 3084 4941 5451 6282 8049 
505 1865 2137 3533 4230 5268 6747 8074 
346 1066 2234 3982 4543 6109 6188 8099 
187 1291 2331 3407 4856 5926 6653 8124 
28 1516 2428 3856 4145 5743 7118 8149 
893 1741 2525 3281 4458 5560 6559 8174 
734 1966 2622 3730 4771 5377 7024 7175 
575 1167 2719 3155 5084 5194 6465 7200 
416 1392 2816 3604 4373 6035 6930 7225 
257 1617 2913 4053 4686 5852 6371 7250 
98 1842 3010 3478 4999 5669 6836 7275 
963 1043 2083 3927 4288 5486 6277 7300 
804 1268 2180 3352 4601 5303 6742 7325 
645 1493 2277 3801 4914 5120 6183 7350 
486 1718 2374 3226 4203 5961 6648 7375 
327 1943 2471 3675 4516 5778 7113 7400 
168 1144 2568 3100 4829 5595 6554 7425 
9 1369 2665 3549 4118 5412 7019 7450 
874 1594 2762 3998 4431 5229 6460 7475 
715 1819 2859 3423 4744 6070 6925 7500 
556 2044 2956 3872 5057 5887 6366 7525 
397 1245 3053 3297 4346 5704 6831 7550 
238 1470 2126 3746 4659 5521 6272 7575 
79 1695 2223 3171 4972 5338 6737 7600 
944 1920 2320 3620 4261 5155 6178 7625 
785 1121 2417 4069 4574 5996 6643 7650 
626 1346 2514 3494 4887 5813 7108 7675 
467 1571 2611 3943 4176 5630 6549 7700 
308 1796 2708 3368 4489 5447 7014 7725 
149 2021 2805 3817 4802 5264 6455 7750 
1014 1222 2902 3242 5115 6105 6920 7775 
855 1447 2999 3691 4404 5922 6361 7800 
696 1672 2072 3116 4717 5739 6826 7825 
537 1897 2169 3565 5030 5556 6267 7850 
378 1098 2266 4014 4319 5373 6732 7875 
219 1323 2363 3439 4632 5190 6173 7900 
60 1548 2460 3888 4945 6031 6638 7925 
925 1773 2557 3313 4234 5848 7103 7950 
766 1998 2654 3762 4547 5665 6544 7975 
607 1199 2751 3187 4860 5482 7009 8000 
448 1424 2848 3636 4149 5299 6450 8025 
289 1649 2945 4085 4462 6140 6915 8050 
130 1874 3042 3510 4775 5957 6356 8075 
995 1075 2115 3959 5088 5774 6821 8100 
836 1300 2212 3384 4377 5591 6262 8125 
677 1525 2309 3833 4690 5408 6727 8150 
518 1750 2406 3258 5003 5225 6168 8175 
359 1975 2503 3707 4292 6066 6633 7176 
200 1176 2600 3132 4605 5883 7098 7201 
41 1401 2697 3581 4918 5700 6539 7226 
906 1626 2794 4030 4207 5517 7004 7251 
747 1851 2891 3455 4520 5334 6445 7276 
588 1052 2988 3904 4833 5151 6910 7301 
429 1277 2061 3329 4122 5992 6351 7326 
270 1502 2158 3778 4435 5809 6816 7351 
111 1727 2255 3203 4748 5626 6257 7376 
976 1952 2352 3652 5061 5443 6722 7401 
817 1153 2449 3077 4350 5260 6163 7426 
658 1378 2546 3526 4663 6101 6628 7451 
499 1603 2643 3975 4976 5918 7093 7476 
340 1828 2740 3400 4265 5735 6534 7501 
181 1029 2837 3849 4578 5552 6999 7526 
22 1254 2934 3274 4891 5369 6440 7551 
887 1479 3031 3723 4180 5186 6905 7576 
728 1704 2104 3148 4493 6027 6346 7601 
569 1929 2201 3597 4806 5844 6811 7626 
410 1130 2298 4046 5119 5661 6252 7651 
251 1355 2395 3471 4408 5478 6717 7676 
92 1580 2492 3920 4721 5295 6158 7701 
957 1805 2589 3345 5034 6136 6623 7726 
798 2030 2686 3794 4323 5953 7088 7751 
639 1231 2783 3219 4636 5770 6529 7776 
480 1456 2880 3668 4949 5587 6994 7801 
321 1681 2977 3093 4238 5404 6435 7826 
162 1906 2050 3542 4551 5221 6900 7851 
3 1107 2147 3991 4864 6062 6341 7876 
868 1332 2244 3416 4153 5879 6806 7901 
709 1557 2341 3865 4466 5696 6247 7926 
550 1782 2438 3290 4779 5513 6712 7951 
391 2007 2535 3739 5092 5330 6153 7976 
232 1208 2632 3164 4381 5147 6618 8001 
73 1433 2729 3613 4694 5988 7083 8026 
938 1658 2826 4062 5007 5805 6524 8051 
779 1883 2923 3487 4296 5622 6989 8076 
620 1084 3020 3936 4609 5439 6430 8101 
461 1309 2093 3361 4922 5256 6895 8126 
302 1534 2190 3810 4211 6097 6336 8151 
143 1759 2287 3235 4524 5914 6801 8176 
1008 1984 2384 3684 4837 5731 6242 7177 
849 1185 2481 3109 4126 5548 6707 7202 
690 1410 2578 3558 4439 5365 6148 7227 
531 1635 2675 4007 4752 5182 6613 7252 
372 1860 2772 3432 5065 6023 7078 7277 
213 1061 2869 3881 4354 5840 6519 7302 
54 1286 2966 3306 4667 5657 6984 7327 
919 1511 3063 3755 4980 5474 6425 7352 
760 1736 2136 3180 4269 5291 6890 7377 
601 1961 2233 3629 4582 6132 6331 7402 
442 1162 2330 4078 4895 5949 6796 7427 
283 1387 2427 3503 4184 5766 6237 7452 
124 1612 2524 3952 4497 5583 6702 7477 
989 1837 2621 3377 4810 5400 7167 7502 
830 1038 2718 3826 4099 5217 6608 7527 
671 1263 2815 3251 4412 6058 7073 7552 
512 1488 2912 3700 4725 5875 6514 7577 
353 1713 3009 3125 5038 5692 6979 7602 
194 1938 2082 3574 4327 5509 6420 7627 
35 1139 2179 4023 4640 5326 6885 7652 
900 1364 2276 3448 4953 5143 6326 7677 
741 1589 2373 3897 4242 5984 6791 7702 
582 1814 2470 3322 4555 5801 6232 7727 
423 2039 2567 3771 4868 5618 6697 7752 
264 1240 2664 3196 4157 5435 7162 7777 
105 1465 2761 3645 4470 5252 6603 7802 
970 1690 2858 4094 4783 6093 7068 7827 
811 1915 2955 3519 5096 5910 6509 7852 
652 1116 3052 3968 4385 5727 6974 7877 
493 1341 2125 3393 4698 5544 6415 7902 
334 1566 2222 3842 5011 5361 6880 7927 
175 1791 2319 3267 4300 5178 6321 7952 
16 2016 2416 3716 4613 6019 6786 7977 
881 1217 2513 3141 4926 5836 6227 8002 
722 1442 2610 3590 4215 5653 6692 8027 
563 1667 2707 4039 4528 5470 7157 8052 
404 1892 2804 3464 4841 5287 6598 8077 
245 1093 2901 3913 4130 6128 7063 8102 
86 1318 2998 3338 4443 5945 6504 8127 
951 1543 2071 3787 4756 5762 6969 8152 
792 1768 2168 3212 5069 5579 6410 8177 
633 1993 2265 3661 4358 5396 6875 7178 
474 1194 2362 3086 4671 5213 6316 7203 
315 1419 2459 3535 4984 6054 6781 7228 
156 1644 2556 3984 4273 5871 6222 7253 
1021 1869 2653 3409 4586 5688 6687 7278 
862 1070 2750 3858 4899 5505 7152 7303 
703 1295 2847 3283 4188 5322 6593 7328 
544 1520 2944 3732 4501 5139 7058 7353 
385 1745 3041 3157 4814 5980 6499 7378 
226 1970 2114 3606 4103 5797 6964 7403 
67 1171 2211 4055 4416 5614 6405 7428 
932 1396 2308 3480 4729 5431 6870 7453 
773 1621 2405 3929 5042 5248 6311 7478 
614 1846 2502 3354 4331 6089 6776 7503 
455 1047 2599 3803 4644 5906 6217 7528 
296 1272 2696 3228 4957 5723 6682 7553 
137 1497 2793 3677 4246 5540 7147 7578 
1002 1722 2890 3102 4559 5357 6588 7603 
843 1947 2987 3551 4872 5174 7053 7628 
684 1148 2060 4000 4161 6015 6494 7653 
525 1373 2157 3425 4474 5832 6959 7678 
366 1598 2254 3874 4787 5649 6400 7703 
207 1823 2351 3299 5100 5466 6865 7728 
48 1024 2448 3748 4389 5283 6306 7753 
913 1249 2545 3173 4702 6124 6771 7778 
754 1474 2642 3622 5015 5941 6212 7803 
595 1699 2739 4071 4304 5758 6677 7828 
436 1924 2836 3496 4617 5575 7142 7853 
277 1125 2933 3945 4930 5392 6583 7878 
118 1350 3030 3370 4219 5209 7048 7903 
983 1575 2103 3819 4532 6050 6489 7928 
824 1800 2200 3244 4845 5867 6954 7953 
665 2025 2297 3693 4134 5684 6395 7978 
506 1226 2394 3118 4447 5501 6860 8003 
347 1451 2491 3567 4760 5318 6301 8028 
188 1676 2588 4016 5073 5135 6766 8053 
29 1901 2685 3441 4362 5976 6207 8078 
894 1102 2782 3890 4675 5793 6672 8103 
735 1327 2879 3315 4988 5610 7137 8128 
576 1552 2976 3764 4277 5427 6578 8153 
417 1777 2049 3189 4590 5244 7043 8178 
258 2002 2146 3638 4903 6085 6484 7179 
99 1203 2243 4087 4192 5902 6949 7204 
964 1428 2340 3512 4505 5719 6390 7229 
805 1653 2437 3961 4818 5536 6855 7254 
646 1878 2534 3386 4107 5353 6296 7279 
487 1079 2631 3835 4420 5170 6761 7304 
328 1304 2728 3260 4733 6011 6202 7329 
169 1529 2825 3709 5046 5828 6667 7354 
10 1754 2922 3134 4335 5645 7132 7379 
875 1979 3019 3583 4648 5462 6573 7404 
716 1180 2092 4032 4961 5279 7038 7429 
557 1405 2189 3457 4250 6120 6479 7454 
398 1630 2286 3906 4563 5937 6944 7479 
239 1855 2383 3331 4876 5754 6385 7504 
80 1056 2480 3780 4165 5571 6850 7529 
945 1281 2577 3205 4478 5388 6291 7554 
786 1506 2674 3654 4791 5205 6756 7579 
627 1731 2771 3079 5104 6046 6197 7604 
468 1956 2868 3528 4393 5863 6662 7629 
309 1157 2965 3977 4706 5680 7127 7654 
150 1382 3062 3402 5019 5497 6568 7679 
1015 1607 2135 3851 4308 5314 7033 7704 
856 1832 2232 3276 4621 5131 6474 7729 
697 1033 2329 3725 4934 5972 6939 7754 
538 1258 2426 3150 4223 5789 6380 7779 
379 1483 2523 3599 4536 5606 6845 7804 
220 1708 2620 4048 4849 5423 6286 7829 
61 1933 2717 3473 4138 5240 6751 7854 
926 1134 2814 3922 4451 6081 6192 7879 
767 1359 2911 3347 4764 5898 6657 7904 
608 1584 3008 3796 5077 5715 7122 7929 
449 1809 2081 3221 4366 5532 6563 7954 
290 2034 2178 3670 4679 5349 7028 7979 
131 1235 2275 3095 4992 5166 6469 8004 
996 1460 2372 3544 4281 6007 6934 8029 
837 1685 2469 3993 4594 5824 6375 8054 
678 1910 2566 3418 4907 5641 6840 8079 
519 1111 2663 3867 4196 5458 6281 8104 
360 1336 2760 3292 4509 5275 6746 8129 
201 1561 2857 3741 4822 6116 6187 8154 
42 1786 2954 3166 4111 5933 6652 8179 
907 2011 3051 3615 4424 5750 7117 7180 
748 1212 2124 4064 4737 5567 6558 7205 
589 1437 2221 3489 5050 5384 7023 7230 
430 1662 2318 3938 4339 5201 6464 7255 
271 1887 2415 3363 4652 6042 6929 7280 
112 1088 2512 3812 4965 5859 6370 7305 
977 1313 2609 3237 4254 5676 6835 7330 
818 1538 2706 3686 4567 5493 6276 7355 
659 1763 2803 3111 4880 5310 6741 7380 
500 1988 2900 3560 4169 5127 6182 7405 
341 1189 2997 4009 4482 5968 6647 7430 
182 1414 2070 3434 4795 5785 7112 7455 
23 1639 2167 3883 5108 5602 6553 7480 
888 1864 2264 3308 4397 5419 7018 7505 
729 1065 2361 3757 4710 5236 6459 7530 
570 1290 2458 3182 5023 6077 6924 7555 
411 1515 2555 3631 4312 5894 6365 7580 
252 1740 2652 4080 4625 5711 6830 7605 
93 1965 2749 3505 4938 5528 6271 7630 
958 1166 2846 3954 4227 5345 6736 7655 
799 1391 2943 3379 4540 5162 6177 7680 
640 1616 3040 3828 4853 6003 6642 7705 
481 1841 2113 3253 4142 5820 7107 7730 
322 1042 2210 3702 4455 5637 6548 7755 
163 1267 2307 3127 4768 5454 7013 7780 
4 1492 2404 3576 5081 5271 6454 7805 
869 1717 2501 4025 4370 6112 6919 7830 
710 1942 2598 3450 4683 5929 6360 7855 
551 1143 2695 3899 4996 5746 6825 7880 
392 1368 2792 3324 4285 5563 6266 7905 
233 1593 2889 3773 4598 5380 6731 7930 
74 1818 2986 3198 4911 5197 6172 7955 
939 2043 2059 3647 4200 6038 6637 7980 
780 1244 2156 3072 4513 5855 7102 8005 
621 1469 2253 3521 4826 5672 6543 8030 
462 1694 2350 3970 4115 5489 7008 8055 
303 1919 2447 3395 4428 5306 6449 8080 
144 1120 2544 3844 4741 5123 6914 8105 
1009 1345 2641 3269 5054 5964 6355 8130 
850 1570 2738 3718 4343 5781 6820 8155 
691 1795 2835 3143 4656 5598 6261 8180 
532 2020 2932 3592 4969 5415 6726 7181 
373 1221 3029 4041 4258 5232 6167 7206 
214 1446 2102 3466 4571 6073 6632 7231 
55 1671 2199 3915 4884 5890 7097 7256 
920 1896 2296 3340 4173 5707 6538 7281 
761 1097 2393 3789 4486 5524 7003 7306 
602 1322 2490 3214 4799 5341 6444 7331 
443 1547 2587 3663 5112 5158 6909 7356 
284 1772 2684 3088 4401 5999 6350 7381 
125 1997 2781 3537 4714 5816 6815 7406 
990 1198 2878 3986 5027 5633 6256 7431 
831 1423 2975 3411 4316 5450 6721 7456 
672 1648 2048 3860 4629 5267 6162 7481 
513 1873 2145 3285 4942 6108 6627 7506 
354 1074 2242 3734 4231 5925 7092 7531 
195 1299 2339 3159 4544 5742 6533 7556 
36 1524 2436 3608 4857 5559 6998 7581 
901 1749 2533 4057 4146 5376 6439 7606 
742 1974 2630 3482 4459 5193 6904 7631 
583 1175 2727 3931 4772 6034 6345 7656 
424 1400 2824 3356 5085 5851 6810 7681 
265 1625 2921 3805 4374 5668 6251 7706 
106 1850 3018 3230 4687 5485 6716 7731 
971 1051 2091 3679 5000 5302 6157 7756 
812 1276 2188 3104 4289 6143 6622 7781 
653 1501 2285 3553 4602 5960 7087 7806 
494 1726 2382 4002 4915 5777 6528 7831 
335 1951 2479 3427 4204 5594 6993 7856 
176 1152 2576 3876 4517 5411 6434 7881 
17 1377 2673 3301 4830 5228 6899 7906 
882 1602 2770 3750 4119 6069 6340 7931 
723 1827 2867 3175 4432 5886 6805 7956 
564 1028 2964 3624 4745 5703 6246 7981 
405 1253 3061 4073 5058 5520 6711 8006 
246 1478 2134 3498 4347 5337 6152 8031 
87 1703 2231 3947 4660 5154 6617 8056 
952 1928 2328 3372 4973 5995 7082 8081 
793 1129 2425 3821 4262 5812 6523 8106 
634 1354 2522 3246 4575 5629 6988 8131 
475 1579 2619 3695 4888 5446 6429 8156 
316 1804 2716 3120 4177 5263 6894 8181 
157 2029 2813 3569 4490 6104 6335 7182 
1022 1230 2910 4018 4803 5921 6800 7207 
863 1455 3007 3443 5116 5738 6241 7232 
704 1680 2080 3892 4405 5555 6706 7257 
545 1905 2177 3317 4718 5372 6147 7282 
386 1106 2274 3766 5031 5189 6612 7307 
227 1331 2371 3191 4320 6030 7077 7332 
68 1556 2468 3640 4633 5847 6518 7357 
933 1781 2565 4089 4946 5664 6983 7382 
774 2006 2662 3514 4235 5481 6424 7407 
615 1207 2759 3963 4548 5298 6889 7432 
456 1432 2856 3388 4861 6139 6330 7457 
297 1657 2953 3837 4150 5956 6795 7482 
138 1882 3050 3262 4463 5773 6236 7507 
1003 1083 2123 3711 4776 5590 6701 7532 
844 1308 2220 3136 5089 5407 7166 7557 
685 1533 2317 3585 4378 5224 6607 7582 
526 1758 2414 4034 4691 6065 7072 7607 
367 1983 2511 3459 5004 5882 6513 7632 
208 1184 2608 3908 4293 5699 6978 7657 
49 1409 2705 3333 4606 5516 6419 7682 
914 1634 2802 3782 4919 5333 6884 7707 
755 1859 2899 3207 4208 5150 6325 7732 
596 1060 2996 3656 4521 5991 6790 7757 
437 1285 2069 3081 4834 5808 6231 7782 
278 1510 2166 3530 4123 5625 6696 7807 
119 1735 2263 3979 4436 5442 7161 7832 
984 1960 2360 3404 4749 5259 6602 7857 
825 1161 2457 3853 5062 6100 7067 7882 
666 1386 2554 3278 4351 5917 6508 7907 
507 1611 2651 3727 4664 5734 6973 7932 
348 1836 2748 3152 4977 5551 6414 7957 
189 1037 2845 3601 4266 5368 6879 7982 
30 1262 2942 4050 4579 5185 6320 8007 
895 1487 3039 3475 4892 6026 6785 8032 
736 1712 2112 3924 4181 5843 6226 8057 
577 1937 2209 3349 4494 5660 6691 8082 
418 1138 2306 3798 4807 5477 7156 8107 
259 1363 2403 3223 4096 5294 6597 8132 
100 1588 2500 3672 4409 6135 7062 8157 
965 1813 2597 3097 4722 5952 6503 8182 
806 2038 2694 3546 5035 5769 6968 7183 
647 1239 2791 3995 4324 5586 6409 7208 
488 1464 2888 3420 4637 5403 6874 7233 
329 1689 2985 3869 4950 5220 6315 7258 
170 1914 2058 3294 4239 6061 6780 7283 
11 1115 2155 3743 4552 5878 6221 7308 
876 1340 2252 3168 4865 5695 6686 7333 
717 1565 2349 3617 4154 5512 7151 7358 
558 1790 2446 4066 4467 5329 6592 7383 
399 2015 2543 3491 4780 5146 7057 7408 
240 1216 2640 3940 5093 5987 6498 7433 
81 1441 2737 3365 4382 5804 6963 7458 
946 1666 2834 3814 4695 5621 6404 7483 
787 1891 2931 3239 5008 5438 6869 7508 
628 1092 3028 3688 4297 5255 6310 7533 
469 1317 2101 3113 4610 6096 6775 7558 
310 1542 2198 3562 4923 5913 6216 7583 
151 1767 2295 4011 4212 5730 6681 7608 
1016 1992 2392 3436 4525 5547 7146 7633 
857 1193 2489 3885 4838 5364 6587 7658 
698 1418 2586 3310 4127 5181 7052 7683 
539 1643 2683 3759 4440 6022 6493 7708 
380 1868 2780 3184 4753 5839 6958 7733 
221 1069 2877 3633 5066 5656 6399 7758 
62 1294 2974 4082 4355 5473 6864 7783 
927 1519 3071 3507 4668 5290 6305 7808 
768 1744 2144 3956 4981 6131 6770 7833 
609 1969 2241 3381 4270 5948 6211 7858 
450 1170 2338 3830 4583 5765 6676 7883 
291 1395 2435 3255 4896 5582 7141 7908 
132 1620 2532 3704 4185 5399 6582 7933 
997 1845 2629 3129 4498 5216 7047 7958 
838 1046 2726 3578 4811 6057 6488 7983 
679 1271 2823 4027 4100 5874 6953 8008 
520 1496 2920 3452 4413 5691 6394 8033 
361 1721 3017 3901 4726 5508 6859 8058 
202 1946 2090 3326 5039 5325 6300 8083 
43 1147 2187 3775 4328 5142 6765 8108 
908 1372 2284 3200 4641 5983 6206 8133 
749 1597 2381 3649 4954 5800 6671 8158 
590 1822 2478 3074 4243 5617 7136 8183 
431 2047 2575 3523 4556 5434 6577 7184 
272 1248 2672 3972 4869 5251 7042 7209 
113 1473 2769 3397 4158 6092 6483 7234 
978 1698 2866 3846 4471 5909 6948 7259 
819 1923 2963 3271 4784 5726 6389 7284 
660 1124 3060 3720 5097 5543 6854 7309 
501 1349 2133 3145 4386 5360 6295 7334 
342 1574 2230 3594 4699 5177 6760 7359 
183 1799 2327 4043 5012 6018 6201 7384 
24 2024 2424 3468 4301 5835 6666 7409 
889 1225 2521 3917 4614 5652 7131 7434 
730 1450 2618 3342 4927 5469 6572 7459 
571 1675 2715 3791 4216 5286 7037 7484 
412 1900 2812 3216 4529 6127 6478 7509 
253 1101 2909 3665 4842 5944 6943 7534 
94 1326 3006 3090 4131 5761 6384 7559 
959 1551 2079 3539 4444 5578 6849 7584 
800 1776 2176 3988 4757 5395 6290 7609 
641 2001 2273 3413 5070 5212 6755 7634 
482 1202 2370 3862 4359 6053 6196 7659 
323 1427 2467 3287 4672 5870 6661 7684 
164 1652 2564 3736 4985 5687 7126 7709 
5 1877 2661 3161 4274 5504 6567 7734 
870 1078 2758 3610 4587 5321 7032 7759 
711 1303 2855 4059 4900 5138 6473 7784 
552 1528 2952 3484 4189 5979 6938 7809 
393 1753 3049 3933 4502 5796 6379 7834 
234 1978 2122 3358 4815 5613 6844 7859 
75 1179 2219 3807 4104 5430 6285 7884 
940 1404 2316 3232 4417 5247 6750 7909 
781 1629 2413 3681 4730 6088 6191 7934 
622 1854 2510 3106 5043 5905 6656 7959 
463 1055 2607 3555 4332 5722 7121 7984 
304 1280 2704 4004 4645 5539 6562 8009 
145 1505 2801 3429 4958 5356 7027 8034 
1010 1730 2898 3878 4247 5173 6468 8059 
851 1955 2995 3303 4560 6014 6933 8084 
692 1156 2068 3752 4873 5831 6374 8109 
533 1381 2165 3177 4162 5648 6839 8134 
374 1606 2262 3626 4475 5465 6280 8159 
215 1831 2359 4075 4788 5282 6745 8184 
56 1032 2456 3500 5101 6123 6186 7185 
921 1257 2553 3949 4390 5940 6651 7210 
762 1482 2650 3374 4703 5757 7116 7235 
603 1707 2747 3823 5016 5574 6557 7260 
444 1932 2844 3248 4305 5391 7022 7285 
285 1133 2941 3697 4618 5208 6463 7310 
126 1358 3038 3122 4931 6049 6928 7335 
991 1583 2111 3571 4220 5866 6369 7360 
832 1808 2208 4020 4533 5683 6834 7385 
673 2033 2305 3445 4846 5500 6275 7410 
514 1234 2402 3894 4135 5317 6740 7435 
355 1459 2499 3319 4448 5134 6181 7460 
196 1684 2596 3768 4761 5975 6646 7485 
37 1909 2693 3193 5074 5792 7111 7510 
902 1110 2790 3642 4363 5609 6552 7535 
743 1335 2887 4091 4676 5426 7017 7560 
584 1560 2984 3516 4989 5243 6458 7585 
425 1785 2057 3965 4278 6084 6923 7610 
266 2010 2154 3390 4591 5901 6364 7635 
107 1211 2251 3839 4904 5718 6829 7660 
972 1436 2348 3264 4193 5535 6270 7685 
813 1661 2445 3713 4506 5352 6735 7710 
654 1886 2542 3138 4819 5169 6176 7735 
495 1087 2639 3587 4108 6010 6641 7760 
336 1312 2736 4036 4421 5827 7106 7785 
177 1537 2833 3461 4734 5644 6547 7810 
18 1762 2930 3910 5047 5461 7012 7835 
883 1987 3027 3335 4336 5278 6453 7860 
724 1188 2100 3784 4649 6119 6918 7885 
565 1413 2197 3209 4962 5936 6359 7910 
406 1638 2294 3658 4251 5753 6824 7935 
247 1863 2391 3083 4564 5570 6265 7960 
88 1064 2488 3532 4877 5387 6730 7985 
953 1289 2585 3981 4166 5204 6171 8010 
794 1514 2682 3406 4479 6045 6636 8035 
635 1739 2779 3855 4792 5862 7101 8060 
476 1964 2876 3280 5105 5679 6542 8085 
317 1165 2973 3729 4394 5496 7007 8110 
158 1390 3070 3154 4707 5313 6448 8135 
1023 1615 2143 3603 5020 5130 6913 8160 
864 1840 2240 4052 4309 5971 6354 8185 
705 1041 2337 3477 4622 5788 6819 7186 
546 1266 2434 3926 4935 5605 6260 7211 
387 1491 2531 3351 4224 5422 6725 7236 
228 1716 2628 3800 4537 5239 6166 7261 
69 1941 2725 3225 4850 6080 6631 7286 
934 1142 2822 3674 4139 5897 7096 7311 
775 1367 2919 3099 4452 5714 6537 7336 
616 1592 3016 3548 4765 5531 7002 7361 
457 1817 2089 3997 5078 5348 6443 7386 
298 2042 2186 3422 4367 5165 6908 7411 
139 1243 2283 3871 4680 6006 6349 7436 
1004 1468 2380 3296 4993 5823 6814 7461 
845 1693 2477 3745 4282 5640 6255 7486 
686 1918 2574 3170 4595 5457 6720 7511 
527 1119 2671 3619 4908 5274 6161 7536 
368 1344 2768 4068 4197 6115 6626 7561 
209 1569 2865 3493 4510 5932 7091 7586 
50 1794 2962 3942 4823 5749 6532 7611 
915 2019 3059 3367 4112 5566 6997 7636 
756 1220 2132 3816 4425 5383 6438 7661 
597 1445 2229 3241 4738 5200 6903 7686 
438 1670 2326 3690 5051 6041 6344 7711 
279 1895 2423 3115 4340 5858 6809 7736 
120 1096 2520 3564 4653 5675 6250 7761 
985 1321 2617 4013 4966 5492 6715 7786 
826 1546 2714 3438 4255 5309 6156 7811 
667 1771 2811 3887 4568 5126 6621 7836 
508 1996 2908 3312 4881 5967 7086 7861 
349 1197 3005 3761 4170 5784 6527 7886 
190 1422 2078 3186 4483 5601 6992 7911 
31 1647 2175 3635 4796 5418 6433 7936 
896 1872 2272 4084 5109 5235 6898 7961 
737 1073 2369 3509 4398 6076 6339 7986 
578 1298 2466 3958 4711 5893 6804 8011 
419 1523 2563 3383 5024 5710 6245 8036 
260 1748 2660 3832 4313 5527 6710 8061 
101 1973 2757 3257 4626 5344 6151 8086 
966 1174 2854 3706 4939 5161 6616 8111 
807 1399 2951 3131 4228 6002 7081 8136 
648 1624 3048 3580 4541 5819 6522 8161 
489 1849 2121 4029 4854 5636 6987 8186 
330 1050 2218 3454 4143 5453 6428 7187 
171 1275 2315 3903 4456 5270 6893 7212 
12 1500 2412 3328 4769 6111 6334 7237 
877 1725 2509 3777 5082 5928 6799 7262 
718 1950 2606 3202 4371 5745 6240 7287 
559 1151 2703 3651 4684 5562 6705 7312 
400 1376 2800 3076 4997 5379 6146 7337 
241 1601 2897 3525 4286 5196 6611 7362 
82 1826 2994 3974 4599 6037 7076 7387 
947 1027 2067 3399 4912 5854 6517 7412 
788 1252 2164 3848 4201 5671 6982 7437 
629 1477 2261 3273 4514 5488 6423 7462 
470 1702 2358 3722 4827 5305 6888 7487 
311 1927 2455 3147 4116 5122 6329 7512 
152 1128 2552 3596 4429 5963 6794 7537 
1017 1353 2649 4045 4742 5780 6235 7562 
858 1578 2746 3470 5055 5597 6700 7587 
699 1803 2843 3919 4344 5414 7165 7612 
540 2028 2940 3344 4657 5231 6606 7637 
381 1229 3037 3793 4970 6072 7071 7662 
222 1454 2110 3218 4259 5889 6512 7687 
63 1679 2207 3667 4572 5706 6977 7712 
928 1904 2304 3092 4885 5523 6418 7737 
769 1105 2401 3541 4174 5340 6883 7762 
610 1330 2498 3990 4487 5157 6324 7787 
451 1555 2595 3415 4800 5998 6789 7812 
292 1780 2692 3864 5113 5815 6230 7837 
133 2005 2789 3289 4402 5632 6695 7862 
998 1206 2886 3738 4715 5449 7160 7887 
839 1431 2983 3163 5028 5266 6601 7912 
680 1656 2056 3612 4317 6107 7066 7937 
521 1881 2153 4061 4630 5924 6507 7962 
362 1082 2250 3486 4943 5741 6972 7987 
203 1307 2347 3935 4232 5558 6413 8012 
44 1532 2444 3360 4545 5375 6878 8037 
909 1757 2541 3809 4858 5192 6319 8062 
750 1982 2638 3234 4147 6033 6784 8087 
591 1183 2735 3683 4460 5850 6225 8112 
432 1408 2832 3108 4773 5667 6690 8137 
273 1633 2929 3557 5086 5484 7155 8162 
114 1858 3026 4006 4375 5301 6596 8187 
979 1059 2099 3431 4688 6142 7061 7188 
820 1284 2196 3880 5001 5959 6502 7213 
661 1509 2293 3305 4290 5776 6967 7238 
502 1734 2390 3754 4603 5593 6408 7263 
343 1959 2487 3179 4916 5410 6873 7288 
184 1160 2584 3628 4205 5227 6314 7313 
25 1385 2681 4077 4518 6068 6779 7338 
890 1610 2778 3502 4831 5885 6220 7363 
731 1835 2875 3951 4120 5702 6685 7388 
572 1036 2972 3376 4433 5519 7150 7413 
413 1261 3069 3825 4746 5336 6591 7438 
254 1486 2142 3250 5059 5153 7056 7463 
95 1711 2239 3699 4348 5994 6497 7488 
960 1936 2336 3124 4661 5811 6962 7513 
801 1137 2433 3573 4974 5628 6403 7538 
642 1362 2530 4022 4263 5445 6868 7563 
483 1587 2627 3447 4576 5262 6309 7588 
324 1812 2724 3896 4889 6103 6774 7613 
165 2037 2821 3321 4178 5920 6215 7638 
6 1238 2918 3770 4491 5737 6680 7663 
871 1463 3015 3195 4804 5554 7145 7688 
712 1688 2088 3644 5117 5371 6586 7713 
553 1913 2185 4093 4406 5188 7051 7738 
394 1114 2282 3518 4719 6029 6492 7763 
235 1339 2379 3967 5032 5846 6957 7788 
76 1564 2476 3392 4321 5663 6398 7813 
941 1789 2573 3841 4634 5480 6863 7838 
782 2014 2670 3266 4947 5297 6304 7863 
623 1215 2767 3715 4236 6138 6769 7888 
464 1440 2864 3140 4549 5955 6210 7913 
305 1665 2961 3589 4862 5772 6675 7938 
146 1890 3058 4038 4151 5589 7140 7963 
1011 1091 2131 3463 4464 5406 6581 7988 
