23 45 86 112 133 188 220 240 264 312 
0 62 95 121 142 189 221 241 265 313 
9 47 72 98 151 190 222 242 266 314 
18 32 81 107 128 191 223 243 267 315 
27 49 90 116 137 160 192 244 268 316 
4 34 67 125 146 161 193 245 269 317 
13 51 76 102 155 162 194 246 270 318 
22 36 85 111 132 163 195 247 271 319 
31 53 94 120 141 164 196 248 272 288 
8 38 71 97 150 165 197 249 273 289 
17 55 80 106 159 166 198 250 274 290 
26 40 89 115 136 167 199 251 275 291 
3 57 66 124 145 168 200 252 276 292 
12 42 75 101 154 169 201 253 277 293 
21 59 84 110 131 170 202 254 278 294 
30 44 93 119 140 171 203 255 279 295 
7 61 70 96 149 172 204 224 280 296 
16 46 79 105 158 173 205 225 281 297 
25 63 88 114 135 174 206 226 282 298 
2 48 65 123 144 175 207 227 283 299 
11 33 74 100 153 176 208 228 284 300 
20 50 83 109 130 177 209 229 285 301 
29 35 92 118 139 178 210 230 286 302 
6 52 69 127 148 179 211 231 287 303 
15 37 78 104 157 180 212 232 256 304 
24 54 87 113 134 181 213 233 257 305 
1 39 64 122 143 182 214 234 258 306 
10 56 73 99 152 183 215 235 259 307 
19 41 82 108 129 184 216 236 260 308 
28 58 91 117 138 185 217 237 261 309 
5 43 68 126 147 186 218 238 262 310 
14 60 77 103 156 187 219 239 263 311 
5 55 77 118 144 184 220 252 272 296 
14 32 94 127 153 185 221 253 273 297 
23 41 79 104 130 186 222 254 274 298 
0 50 64 113 139 187 223 255 275 299 
9 59 81 122 148 188 192 224 276 300 
18 36 66 99 157 189 193 225 277 301 
27 45 83 108 134 190 194 226 278 302 
4 54 68 117 143 191 195 227 279 303 
13 63 85 126 152 160 196 228 280 304 
22 40 70 103 129 161 197 229 281 305 
31 49 87 112 138 162 198 230 282 306 
8 58 72 121 147 163 199 231 283 307 
17 35 89 98 156 164 200 232 284 308 
26 44 74 107 133 165 201 233 285 309 
3 53 91 116 142 166 202 234 286 310 
12 62 76 125 151 167 203 235 287 311 
21 39 93 102 128 168 204 236 256 312 
30 48 78 111 137 169 205 237 257 313 
7 57 95 120 146 170 206 238 258 314 
16 34 80 97 155 171 207 239 259 315 
25 43 65 106 132 172 208 240 260 316 
2 52 82 115 141 173 209 241 261 317 
11 61 67 124 150 174 210 242 262 318 
20 38 84 101 159 175 211 243 263 319 
29 47 69 110 136 176 212 244 264 288 
6 56 86 119 145 177 213 245 265 289 
15 33 71 96 154 178 214 246 266 290 
24 42 88 105 131 179 215 247 267 291 
1 51 73 114 140 180 216 248 268 292 
10 60 90 123 149 181 217 249 269 293 
19 37 75 100 158 182 218 250 270 294 
28 46 92 109 135 183 219 251 271 295 
