76 252 340 456 577 708 846 935 
21 229 333 505 616 765 835 946 
94 206 326 426 527 694 824 957 
39 183 319 475 566 751 813 968 
112 160 312 396 605 680 802 979 
57 137 305 445 516 737 791 990 
2 242 298 494 555 666 780 1001 
75 219 291 415 594 723 769 1012 
20 196 284 464 633 652 886 1023 
93 173 277 385 544 709 875 906 
38 150 270 434 583 766 864 917 
111 255 263 483 622 695 853 928 
56 232 256 404 533 752 842 939 
1 209 377 453 572 681 831 950 
74 186 370 502 611 738 820 961 
19 163 363 423 522 667 809 972 
92 140 356 472 561 724 798 983 
37 245 349 393 600 653 787 994 
110 222 342 442 639 710 776 1005 
55 199 335 491 550 767 893 1016 
0 176 328 412 589 696 882 899 
73 153 321 461 628 753 871 910 
18 130 314 510 539 682 860 921 
91 235 307 431 578 739 849 932 
36 212 300 480 617 668 838 943 
109 189 293 401 528 725 827 954 
54 166 286 450 567 654 816 965 
127 143 279 499 606 711 805 976 
72 248 272 420 517 640 794 987 
17 225 265 469 556 697 783 998 
90 202 258 390 595 754 772 1009 
35 179 379 439 634 683 889 1020 
108 156 372 488 545 740 878 903 
53 133 365 409 584 669 867 914 
126 238 358 458 623 726 856 925 
71 215 351 507 534 655 845 936 
16 192 344 428 573 712 834 947 
89 169 337 477 612 641 823 958 
34 146 330 398 523 698 812 969 
107 251 323 447 562 755 801 980 
52 228 316 496 601 684 790 991 
125 205 309 417 512 741 779 1002 
70 182 302 466 551 670 768 1013 
15 159 295 387 590 727 885 896 
88 136 288 436 629 656 874 907 
33 241 281 485 540 713 863 918 
106 218 274 406 579 642 852 929 
51 195 267 455 618 699 841 940 
124 172 260 504 529 756 830 951 
69 149 381 425 568 685 819 962 
14 254 374 474 607 742 808 973 
87 231 367 395 518 671 797 984 
32 208 360 444 557 728 786 995 
105 185 353 493 596 657 775 1006 
50 162 346 414 635 714 892 1017 
123 139 339 463 546 643 881 900 
68 244 332 384 585 700 870 911 
13 221 325 433 624 757 859 922 
86 198 318 482 535 686 848 933 
31 175 311 403 574 743 837 944 
104 152 304 452 613 672 826 955 
49 129 297 501 524 729 815 966 
122 234 290 422 563 658 804 977 
67 211 283 471 602 715 793 988 
12 188 276 392 513 644 782 999 
85 165 269 441 552 701 771 1010 
30 142 262 490 591 758 888 1021 
103 247 383 411 630 687 877 904 
48 224 376 460 541 744 866 915 
121 201 369 509 580 673 855 926 
66 178 362 430 619 730 844 937 
11 155 355 479 530 659 833 948 
84 132 348 400 569 716 822 959 
29 237 341 449 608 645 811 970 
102 214 334 498 519 702 800 981 
47 191 327 419 558 759 789 992 
120 168 320 468 597 688 778 1003 
65 145 313 389 636 745 895 1014 
10 250 306 438 547 674 884 897 
83 227 299 487 586 731 873 908 
28 204 292 408 625 660 862 919 
101 181 285 457 536 717 851 930 
46 158 278 506 575 646 840 941 
119 135 271 427 614 703 829 952 
64 240 264 476 525 760 818 963 
9 217 257 397 564 689 807 974 
82 194 378 446 603 746 796 985 
27 171 371 495 514 675 785 996 
100 148 364 416 553 732 774 1007 
45 253 357 465 592 661 891 1018 
118 230 350 386 631 718 880 901 
63 207 343 435 542 647 869 912 
8 184 336 484 581 704 858 923 
81 161 329 405 620 761 847 934 
26 138 322 454 531 690 836 945 
99 243 315 503 570 747 825 956 
44 220 308 424 609 676 814 967 
117 197 301 473 520 733 803 978 
62 174 294 394 559 662 792 989 
7 151 287 443 598 719 781 1000 
80 128 280 492 637 648 770 1011 
25 233 273 413 548 705 887 1022 
98 210 266 462 587 762 876 905 
43 187 259 511 626 691 865 916 
116 164 380 432 537 748 854 927 
61 141 373 481 576 677 843 938 
6 246 366 402 615 734 832 949 
79 223 359 451 526 663 821 960 
24 200 352 500 565 720 810 971 
97 177 345 421 604 649 799 982 
42 154 338 470 515 706 788 993 
115 131 331 391 554 763 777 1004 
60 236 324 440 593 692 894 1015 
5 213 317 489 632 749 883 898 
78 190 310 410 543 678 872 909 
23 167 303 459 582 735 861 920 
96 144 296 508 621 664 850 931 
41 249 289 429 532 721 839 942 
114 226 282 478 571 650 828 953 
59 203 275 399 610 707 817 964 
4 180 268 448 521 764 806 975 
77 157 261 497 560 693 795 986 
22 134 382 418 599 750 784 997 
95 239 375 467 638 679 773 1008 
40 216 368 388 549 736 890 1019 
113 193 361 437 588 665 879 902 
58 170 354 486 627 722 868 913 
3 147 347 407 538 651 857 924 
72 204 380 468 551 705 836 974 
121 149 357 461 562 744 893 963 
42 222 334 454 573 655 822 952 
91 167 311 447 584 694 879 941 
12 240 288 440 595 733 808 930 
61 185 265 433 606 644 865 919 
110 130 370 426 617 683 794 908 
31 203 347 419 628 722 851 897 
80 148 324 412 639 761 780 1014 
1 221 301 405 522 672 837 1003 
50 166 278 398 533 711 894 992 
99 239 383 391 544 750 823 981 
20 184 360 384 555 661 880 970 
69 129 337 505 566 700 809 959 
118 202 314 498 577 739 866 948 
39 147 291 491 588 650 795 937 
88 220 268 484 599 689 852 926 
9 165 373 477 610 728 781 915 
58 238 350 470 621 767 838 904 
107 183 327 463 632 678 895 1021 
28 128 304 456 515 717 824 1010 
77 201 281 449 526 756 881 999 
126 146 258 442 537 667 810 988 
47 219 363 435 548 706 867 977 
96 164 340 428 559 745 796 966 
17 237 317 421 570 656 853 955 
66 182 294 414 581 695 782 944 
115 255 271 407 592 734 839 933 
36 200 376 400 603 645 768 922 
85 145 353 393 614 684 825 911 
6 218 330 386 625 723 882 900 
55 163 307 507 636 762 811 1017 
104 236 284 500 519 673 868 1006 
25 181 261 493 530 712 797 995 
74 254 366 486 541 751 854 984 
123 199 343 479 552 662 783 973 
44 144 320 472 563 701 840 962 
93 217 297 465 574 740 769 951 
14 162 274 458 585 651 826 940 
63 235 379 451 596 690 883 929 
112 180 356 444 607 729 812 918 
33 253 333 437 618 640 869 907 
82 198 310 430 629 679 798 896 
3 143 287 423 512 718 855 1013 
52 216 264 416 523 757 784 1002 
101 161 369 409 534 668 841 991 
22 234 346 402 545 707 770 980 
71 179 323 395 556 746 827 969 
120 252 300 388 567 657 884 958 
41 197 277 509 578 696 813 947 
90 142 382 502 589 735 870 936 
11 215 359 495 600 646 799 925 
60 160 336 488 611 685 856 914 
109 233 313 481 622 724 785 903 
30 178 290 474 633 763 842 1020 
79 251 267 467 516 674 771 1009 
0 196 372 460 527 713 828 998 
49 141 349 453 538 752 885 987 
98 214 326 446 549 663 814 976 
19 159 303 439 560 702 871 965 
68 232 280 432 571 741 800 954 
117 177 257 425 582 652 857 943 
38 250 362 418 593 691 786 932 
87 195 339 411 604 730 843 921 
8 140 316 404 615 641 772 910 
57 213 293 397 626 680 829 899 
106 158 270 390 637 719 886 1016 
27 231 375 511 520 758 815 1005 
76 176 352 504 531 669 872 994 
125 249 329 497 542 708 801 983 
46 194 306 490 553 747 858 972 
95 139 283 483 564 658 787 961 
16 212 260 476 575 697 844 950 
65 157 365 469 586 736 773 939 
114 230 342 462 597 647 830 928 
35 175 319 455 608 686 887 917 
84 248 296 448 619 725 816 906 
5 193 273 441 630 764 873 1023 
54 138 378 434 513 675 802 1012 
103 211 355 427 524 714 859 1001 
24 156 332 420 535 753 788 990 
73 229 309 413 546 664 845 979 
122 174 286 406 557 703 774 968 
43 247 263 399 568 742 831 957 
92 192 368 392 579 653 888 946 
13 137 345 385 590 692 817 935 
62 210 322 506 601 731 874 924 
111 155 299 499 612 642 803 913 
32 228 276 492 623 681 860 902 
81 173 381 485 634 720 789 1019 
2 246 358 478 517 759 846 1008 
51 191 335 471 528 670 775 997 
100 136 312 464 539 709 832 986 
21 209 289 457 550 748 889 975 
70 154 266 450 561 659 818 964 
119 227 371 443 572 698 875 953 
40 172 348 436 583 737 804 942 
89 245 325 429 594 648 861 931 
10 190 302 422 605 687 790 920 
59 135 279 415 616 726 847 909 
108 208 256 408 627 765 776 898 
29 153 361 401 638 676 833 1015 
78 226 338 394 521 715 890 1004 
127 171 315 387 532 754 819 993 
48 244 292 508 543 665 876 982 
97 189 269 501 554 704 805 971 
18 134 374 494 565 743 862 960 
67 207 351 487 576 654 791 949 
116 152 328 480 587 693 848 938 
37 225 305 473 598 732 777 927 
86 170 282 466 609 643 834 916 
7 243 259 459 620 682 891 905 
56 188 364 452 631 721 820 1022 
105 133 341 445 514 760 877 1011 
26 206 318 438 525 671 806 1000 
75 151 295 431 536 710 863 989 
124 224 272 424 547 749 792 978 
45 169 377 417 558 660 849 967 
94 242 354 410 569 699 778 956 
15 187 331 403 580 738 835 945 
64 132 308 396 591 649 892 934 
113 205 285 389 602 688 821 923 
34 150 262 510 613 727 878 912 
83 223 367 503 624 766 807 901 
4 168 344 496 635 677 864 1018 
53 241 321 489 518 716 793 1007 
102 186 298 482 529 755 850 996 
23 131 275 475 540 666 779 985 
