85 128 76 242 214 205 177 237 
238 238 117 109 189 192 252 200 
205 162 231 129 184 219 56 189 
114 197 217 221 161 167 27 64 
190 206 22 253 24 62 225 154 
112 208 158 222 250 16 90 136 
252 186 97 69 129 18 198 39 
247 69 207 88 232 192 160 41 
113 92 200 13 114 197 207 126 
104 147 24 193 115 92 121 124 
211 102 144 128 88 214 143 30 
117 139 151 174 11 176 126 243 
154 19 9 128 251 148 131 133 
247 104 60 139 120 195 213 54 
187 218 233 226 125 29 113 57 
101 135 159 220 85 121 15 1 
246 192 146 232 60 245 141 179 
70 172 107 67 45 151 28 252 
18 255 227 130 175 153 61 102 
200 189 250 230 210 6 147 169 
181 49 34 255 53 134 57 59 
40 218 204 163 54 115 87 194 
31 155 245 189 125 248 201 103 
54 187 71 223 114 180 102 130 
102 139 139 49 110 211 14 114 
47 22 32 11 199 78 93 19 
35 195 159 118 72 247 30 122 
223 133 213 192 217 54 196 34 
45 59 117 253 174 208 206 53 
73 77 206 129 118 102 136 31 
248 226 93 108 53 225 151 227 
11 128 132 242 230 5 199 216 
14 141 158 189 218 188 149 203 
19 67 212 63 173 41 72 50 
190 152 125 14 126 143 228 25 
23 49 218 3 195 15 36 183 
34 23 237 210 36 115 125 234 
76 128 54 164 77 22 65 202 
221 105 226 124 97 133 124 160 
122 81 25 253 41 235 117 60 
165 95 229 101 112 212 196 174 
176 26 178 210 164 132 146 192 
78 43 42 89 86 119 220 142 
226 108 189 55 164 242 65 123 
128 228 220 197 167 164 169 132 
138 234 97 95 42 7 19 79 
196 167 154 147 44 86 194 58 
239 125 20 183 50 92 233 17 
147 233 197 152 254 178 173 228 
38 45 82 247 222 13 82 41 
150 112 170 152 233 43 122 55 
148 5 70 141 110 240 195 54 
38 234 140 62 255 110 107 140 
15 74 188 46 53 205 1 244 
45 141 10 64 228 178 233 5 
56 174 180 86 83 189 57 232 
178 51 148 23 183 105 41 59 
68 225 142 194 141 80 239 130 
5 162 125 43 255 14 74 91 
92 182 227 81 222 157 178 75 
25 23 133 139 1 112 228 189 
42 196 207 71 88 4 200 219 
166 103 78 203 235 247 120 56 
38 66 90 80 43 185 193 118 
86 33 31 128 227 67 141 233 
195 218 146 69 248 95 226 63 
21 228 175 217 104 136 113 204 
31 29 133 45 116 161 126 246 
61 142 202 119 77 48 221 2 
212 81 137 58 106 214 72 170 
44 107 222 179 138 46 109 34 
205 108 69 5 6 165 2 143 
163 16 46 126 255 52 142 222 
156 114 105 4 254 184 20 147 
148 216 244 244 252 254 15 95 
208 184 140 41 68 71 89 234 
2 106 192 45 107 50 242 29 
12 4 148 61 102 159 207 45 
33 40 100 200 14 237 226 254 
103 252 72 32 205 47 58 33 
227 212 93 223 180 117 247 19 
10 175 188 245 66 3 239 202 
110 96 152 29 227 79 57 80 
36 152 30 101 91 34 233 161 
40 75 175 233 122 171 165 160 
240 171 63 20 43 47 167 106 
33 100 13 191 1 145 188 155 
141 247 28 3 1 75 78 38 
212 211 15 6 112 49 194 121 
9 213 121 230 250 176 56 226 
82 85 225 39 174 79 184 203 
74 102 4 60 250 195 193 66 
27 46 55 197 23 30 43 225 
214 191 112 115 36 63 118 58 
251 195 9 174 43 76 174 186 
133 234 193 130 209 109 254 113 
15 204 149 122 1 31 19 18 
169 103 69 13 212 254 7 63 
227 64 74 102 93 241 171 84 
236 244 187 166 167 65 125 76 
70 194 3 234 80 57 26 31 
170 206 223 152 10 40 142 112 
134 203 225 201 64 162 122 254 
242 98 153 155 135 246 241 36 
181 77 140 174 135 231 168 79 
148 131 34 228 209 68 65 84 
142 139 117 155 229 64 142 78 
74 53 175 194 111 20 51 93 
178 13 93 176 147 213 178 95 
85 4 179 212 79 19 70 131 
94 3 184 87 167 25 144 100 
247 114 91 160 106 242 36 99 
254 236 179 35 128 150 206 171 
22 104 4 117 230 124 241 146 
92 82 170 214 94 131 81 4 
28 148 44 215 124 208 49 139 
127 229 96 169 160 36 213 107 
165 88 252 250 110 6 229 176 
209 240 110 126 164 55 131 126 
105 34 82 65 123 243 222 230 
96 58 60 58 152 98 8 236 
75 141 20 79 39 80 64 194 
133 109 118 74 179 109 188 87 
104 157 36 184 78 183 65 143 
179 188 109 235 92 245 91 173 
172 224 194 227 251 144 99 37 
67 175 118 125 78 147 138 57 
117 149 94 140 112 8 217 132 
11 32 77 209 51 239 137 58 
100 156 174 163 44 253 144 23 
158 194 6 2 128 39 197 160 
3 220 125 74 159 36 161 148 
251 75 156 164 174 255 123 231 
86 215 189 220 134 83 173 207 
182 84 199 2 185 237 240 251 
104 39 7 36 8 172 75 208 
164 226 18 83 137 154 7 169 
247 212 120 160 85 208 157 254 
243 160 67 200 202 199 233 64 
240 111 85 156 99 248 111 64 
124 140 136 235 112 173 229 182 
185 124 241 230 71 11 194 115 
215 255 48 189 237 137 190 11 
151 152 212 221 193 4 54 33 
216 230 38 28 212 34 40 23 
4 31 171 244 45 187 200 232 
84 212 52 137 18 127 187 252 
117 5 189 26 163 97 209 173 
245 149 171 187 169 74 196 10 
21 113 138 236 110 22 47 251 
69 106 102 176 22 56 128 32 
213 17 185 216 18 20 112 13 
211 173 32 5 212 158 53 174 
91 85 154 66 191 201 184 192 
16 9 137 63 142 240 15 22 
215 36 131 76 151 235 226 130 
9 201 191 215 6 41 60 54 
206 34 183 101 138 222 89 119 
59 133 252 43 220 215 247 204 
78 185 37 123 250 207 246 31 
209 104 238 7 18 83 213 145 
177 30 180 221 41 30 230 198 
123 140 145 97 229 51 86 218 
200 50 147 103 6 77 144 236 
208 148 141 91 96 229 252 79 
153 185 196 73 161 202 236 95 
14 134 196 197 79 172 189 147 
158 18 1 229 123 6 25 53 
53 127 101 211 46 42 109 150 
50 62 183 84 240 172 81 138 
101 238 127 110 145 92 176 124 
140 146 123 149 146 162 202 128 
82 21 109 46 184 84 14 124 
110 148 172 19 46 12 225 196 
235 35 133 215 191 91 89 12 
225 249 212 86 236 182 162 39 
241 66 209 83 29 5 24 187 
118 194 146 168 139 194 47 167 
95 183 224 226 2 221 95 66 
53 155 47 167 25 171 41 216 
119 46 201 108 235 147 25 91 
250 11 103 28 178 30 133 184 
249 235 159 251 226 127 82 81 
75 20 159 66 126 14 227 139 
58 202 253 32 136 225 65 149 
66 135 86 133 208 5 222 182 
172 93 140 101 134 148 125 236 
234 200 38 66 166 60 180 43 
27 72 70 198 102 229 162 200 
102 185 9 140 164 81 85 72 
161 43 5 141 58 113 159 43 
37 249 108 88 108 75 161 190 
186 237 176 150 125 55 225 120 
198 171 132 90 93 61 137 5 
237 166 113 18 100 135 62 174 
180 24 170 176 70 114 40 21 
162 6 241 236 14 87 166 135 
65 69 4 157 80 18 190 52 
125 72 158 236 190 90 93 34 
77 234 75 58 69 135 67 229 
23 27 105 5 35 7 159 135 
203 247 21 195 174 230 53 91 
220 200 7 125 224 36 84 101 
239 72 209 149 164 160 70 60 
93 84 86 152 205 150 214 83 
90 107 226 29 127 123 184 209 
27 223 131 149 53 12 69 41 
84 174 96 122 70 124 19 216 
232 91 127 33 122 233 30 74 
11 143 58 124 160 96 201 202 
161 16 182 20 248 206 219 1 
116 75 84 178 252 102 39 131 
220 76 217 220 172 102 23 254 
177 212 237 126 22 45 15 79 
215 91 17 158 54 251 22 11 
25 169 201 102 135 77 21 187 
19 111 42 163 199 5 24 159 
211 242 62 77 63 26 37 138 
56 56 254 134 96 106 45 75 
61 154 178 111 224 106 212 29 
131 28 41 117 171 190 111 213 
169 192 145 120 211 153 112 42 
86 189 238 59 18 23 212 109 
210 164 65 85 84 7 255 176 
176 11 15 236 174 242 124 56 
155 157 26 8 19 204 4 173 
16 178 66 44 204 97 44 203 
49 219 60 155 62 202 219 73 
251 1 157 54 188 181 38 21 
37 210 233 189 219 234 170 52 
95 30 51 56 77 194 236 23 
97 25 128 92 114 221 165 4 
76 119 47 202 5 73 154 45 
73 94 217 171 146 167 109 84 
88 96 174 63 251 12 192 194 
234 62 132 61 156 184 40 22 
76 195 161 235 44 244 88 44 
209 228 37 206 26 217 82 11 
131 79 129 64 2 19 225 143 
165 177 242 129 48 219 31 111 
152 3 70 241 230 64 96 102 
62 172 184 65 69 179 4 211 
167 26 74 67 233 27 74 93 
67 22 2 10 216 64 124 105 
103 202 246 160 21 166 204 89 
162 55 17 50 157 180 213 216 
242 47 101 213 31 71 222 164 
130 96 13 153 253 242 6 28 
100 118 91 82 169 255 239 58 
117 253 205 178 68 40 162 247 
16 214 202 31 232 118 46 78 
52 67 162 32 250 95 10 178 
77 41 251 92 248 245 186 107 
29 92 18 171 204 12 221 27 
80 130 62 168 231 57 183 80 
62 48 13 220 62 104 169 19 
13 51 248 159 222 110 41 139 
205 78 136 141 109 73 248 165 
92 173 202 53 243 216 132 105 
189 202 231 37 213 213 14 172 
196 103 84 31 93 241 41 203 
123 52 161 227 161 193 106 80 
147 212 139 219 247 218 78 6 
51 227 149 206 177 194 149 186 
91 79 94 99 255 222 176 255 
226 29 61 140 51 9 102 105 
112 170 144 59 16 45 152 121 
42 90 130 173 107 197 224 78 
21 65 80 112 92 174 154 132 
99 5 48 200 27 231 30 131 
126 85 137 113 242 201 75 201 
4 6 190 176 169 172 91 215 
164 73 16 232 240 110 254 66 
121 188 134 166 111 242 135 84 
171 123 198 156 73 139 244 159 
188 124 186 180 1 165 236 100 
103 143 62 245 38 193 188 96 
156 79 43 1 138 131 73 8 
180 74 34 182 180 171 163 82 
205 33 106 197 13 60 120 169 
15 80 148 124 105 250 30 2 
87 80 245 135 253 254 232 222 
34 195 71 148 7 159 249 51 
45 243 29 253 103 4 216 189 
66 240 30 171 128 64 54 74 
207 206 115 83 60 145 217 185 
59 252 8 22 193 180 229 6 
206 37 188 217 143 249 149 194 
105 205 101 101 241 160 16 137 
94 50 23 17 88 193 193 94 
114 152 11 42 188 143 139 129 
50 152 117 132 140 163 119 232 
159 102 92 100 52 255 112 135 
165 121 207 215 153 213 106 63 
73 228 196 113 133 189 54 183 
243 173 46 7 33 176 15 128 
89 143 32 45 92 116 230 187 
28 164 76 181 196 138 120 191 
236 105 105 159 148 164 67 179 
86 135 67 248 22 251 228 31 
91 28 11 236 18 6 186 66 
131 48 57 92 163 147 20 200 
253 175 174 146 152 148 237 60 
142 134 4 128 174 2 223 22 
65 171 208 60 24 98 153 206 
77 248 157 226 182 99 254 56 
141 32 80 122 202 144 81 83 
122 87 161 158 247 49 54 175 
48 45 164 177 178 213 39 75 
45 141 10 60 163 11 188 160 
103 198 38 42 83 29 79 40 
158 136 200 34 148 135 133 56 
120 70 38 2 100 87 4 248 
18 98 107 195 167 110 47 70 
166 166 135 85 202 178 57 110 
106 191 86 198 123 184 235 29 
228 32 184 125 168 232 216 110 
189 241 209 96 155 181 28 60 
255 243 2 253 180 208 231 9 
99 242 217 24 114 183 92 178 
141 17 200 211 45 55 40 214 
213 34 232 198 133 1 247 64 
29 157 85 165 110 55 115 45 
41 49 250 103 135 173 135 30 
96 87 218 19 93 170 236 123 
250 203 141 68 251 196 76 102 
26 62 157 121 118 130 209 21 
63 251 125 70 43 177 12 254 
124 234 167 29 125 187 59 19 
217 240 239 17 25 137 189 216 
44 150 217 30 197 113 243 155 
212 9 181 50 191 94 243 77 
114 2 133 2 222 35 127 2 
56 210 237 163 145 207 6 139 
133 49 163 249 123 142 159 21 
233 8 219 255 211 209 83 167 
51 215 184 192 203 240 33 199 
242 203 222 136 147 101 19 112 
42 174 59 82 233 73 209 188 
65 192 137 38 252 163 177 110 
175 142 13 11 191 26 80 168 
35 131 149 187 208 103 96 141 
177 37 47 220 124 9 53 152 
121 37 249 27 219 202 168 97 
160 68 244 255 211 15 237 92 
23 56 148 193 234 52 27 113 
128 201 183 112 178 233 233 233 
133 148 175 52 130 209 81 239 
122 118 146 199 105 248 223 65 
132 172 180 55 233 134 163 249 
135 105 107 188 14 199 68 32 
4 21 119 28 34 138 60 121 
125 135 97 181 137 53 46 201 
92 240 34 147 58 20 236 106 
251 105 237 252 245 223 79 19 
6 29 3 47 167 255 167 125 
68 61 84 170 196 98 221 237 
76 201 106 76 121 233 249 164 
239 19 61 46 46 124 144 192 
180 57 16 124 44 98 48 60 
33 3 36 116 241 246 133 130 
159 131 57 162 159 187 218 38 
45 194 177 34 63 23 174 223 
35 17 73 102 7 205 223 98 
150 171 63 71 11 130 76 91 
137 61 254 231 66 104 14 185 
53 247 147 221 27 150 63 96 
232 3 227 244 36 238 171 190 
238 6 17 154 216 202 66 121 
8 211 234 123 119 25 237 85 
94 118 66 190 41 73 44 172 
119 197 116 2 194 10 103 26 
98 70 252 190 200 102 123 117 
143 116 103 48 125 9 196 214 
190 57 164 211 24 142 155 159 
219 167 116 218 25 133 82 231 
89 4 108 82 6 24 193 191 
172 197 70 50 9 151 84 156 
159 30 82 8 92 230 126 201 
189 189 128 26 224 139 67 143 
116 105 209 88 32 26 113 41 
103 205 92 191 32 224 73 200 
32 171 155 160 6 89 60 4 
37 221 181 145 26 119 221 120 
206 129 5 105 20 86 114 4 
63 161 13 211 213 97 153 149 
84 20 172 182 199 198 230 52 
205 84 138 196 187 84 99 248 
13 255 38 74 69 159 194 226 
14 113 163 136 22 175 40 169 
93 189 65 164 48 53 35 206 
132 88 149 128 11 25 59 195 
97 67 114 92 23 26 203 34 
11 191 47 181 212 80 99 94 
139 22 193 26 166 58 58 148 
88 173 255 73 60 71 70 245 
248 94 199 80 118 138 7 206 
221 57 20 135 56 50 220 84 
183 138 161 234 125 47 213 191 
59 194 181 53 216 159 92 16 
20 211 221 179 35 133 151 147 
114 42 50 28 134 47 199 142 
44 190 85 23 190 53 21 41 
46 241 35 188 83 36 228 39 
253 113 71 48 46 95 132 56 
181 212 96 167 113 88 108 48 
162 68 116 247 146 165 208 231 
240 78 60 162 94 47 187 227 
19 235 212 149 84 39 113 177 
208 113 6 173 191 91 245 39 
1 18 132 33 253 197 20 17 
249 107 146 169 151 85 86 144 
220 147 187 235 139 66 191 15 
129 128 86 180 171 79 249 70 
26 151 185 173 99 42 228 197 
36 171 54 58 60 220 169 236 
8 146 51 159 252 124 44 231 
100 38 100 178 44 23 201 81 
22 138 254 149 186 143 2 216 
41 97 11 76 182 102 231 166 
205 1 18 77 1 242 109 80 
102 201 132 75 170 2 197 209 
237 246 55 13 97 19 169 91 
46 102 110 17 190 242 125 111 
142 49 179 172 179 28 144 98 
158 149 157 137 163 254 171 232 
80 252 142 122 238 186 50 68 
88 191 28 199 198 52 128 83 
91 42 97 252 189 11 173 151 
134 119 17 50 82 200 191 129 
253 52 227 229 181 249 90 101 
68 76 195 10 60 80 107 129 
201 132 180 34 2 27 220 199 
113 97 25 84 212 109 158 170 
19 69 10 31 216 238 176 182 
172 47 86 4 245 254 193 29 
219 37 244 31 42 72 220 189 
236 192 218 238 189 43 151 202 
55 49 103 27 163 26 203 30 
151 151 202 126 202 162 222 78 
83 208 79 172 162 178 60 86 
225 232 80 95 121 239 147 240 
159 157 215 206 128 122 255 56 
95 71 40 101 72 235 68 163 
26 111 74 179 78 181 128 33 
165 35 4 57 197 56 78 184 
83 53 150 144 80 214 119 91 
15 153 70 193 32 246 215 23 
240 211 233 111 203 38 31 25 
136 31 17 245 196 69 146 190 
107 163 91 69 69 42 113 252 
72 129 234 251 242 12 25 66 
33 62 111 179 48 123 213 130 
199 31 7 109 3 85 108 48 
203 175 26 119 93 19 250 23 
126 78 200 233 135 192 75 11 
80 153 201 34 168 175 231 20 
210 249 15 224 143 14 199 165 
57 110 225 216 10 120 43 120 
234 95 135 1 119 51 249 91 
179 45 24 96 116 178 207 81 
6 156 66 150 224 43 247 77 
185 14 61 213 253 200 255 22 
87 158 195 119 243 203 244 180 
190 79 163 31 16 11 93 71 
121 111 20 59 150 172 187 184 
155 116 154 234 71 112 16 185 
193 2 135 248 130 26 5 221 
102 183 26 230 12 233 214 37 
115 241 15 50 151 28 152 171 
3 211 130 237 147 61 158 159 
17 139 117 150 35 15 255 85 
247 148 75 149 177 53 47 92 
74 134 44 206 236 193 162 121 
115 72 201 66 129 230 51 50 
17 90 228 223 131 106 226 23 
166 26 111 48 70 55 113 32 
5 248 154 123 189 33 99 75 
123 209 161 134 80 18 212 130 
112 179 173 194 219 147 8 249 
58 107 54 140 161 176 200 128 
96 186 84 160 35 93 65 49 
92 39 58 32 111 92 202 217 
125 18 62 244 181 114 30 113 
134 126 20 87 80 1 116 231 
99 102 67 59 247 21 60 215 
125 228 114 70 137 22 63 40 
231 209 186 147 162 211 46 40 
45 177 106 44 40 191 101 145 
20 131 161 242 118 241 31 71 
16 224 198 161 41 138 232 229 
254 180 218 38 101 155 38 121 
14 110 244 36 101 150 172 79 
220 123 253 217 125 235 50 186 
244 175 96 233 242 81 28 62 
37 92 18 97 212 100 155 225 
190 45 70 247 125 14 105 113 
204 223 27 187 127 78 101 225 
60 9 35 144 45 195 136 228 
34 210 6 187 104 157 18 133 
205 107 65 145 1 20 213 228 
59 30 1 141 158 87 92 224 
222 68 75 184 180 83 64 16 
213 127 14 42 175 73 78 248 
138 192 132 210 205 119 223 234 
121 6 99 239 239 197 5 56 
135 199 71 24 168 183 150 142 
15 215 174 218 149 117 28 253 
78 137 15 142 62 207 237 65 
58 131 78 203 182 97 187 7 
39 223 69 214 185 7 117 35 
186 225 187 99 3 107 72 25 
214 69 217 200 101 174 47 248 
224 112 245 18 58 62 34 50 
176 95 141 144 193 133 237 64 
111 143 31 237 198 36 41 80 
206 91 57 5 218 7 218 203 
161 135 186 192 164 148 132 135 
150 215 194 83 62 15 180 168 
113 158 206 47 58 247 125 219 
213 131 25 176 132 36 94 135 
213 53 86 151 233 200 76 186 
244 170 102 105 166 73 107 100 
115 71 171 93 22 158 221 138 
217 65 155 127 187 183 46 6 
204 110 182 3 246 107 194 215 
224 25 139 149 90 252 235 111 
226 240 22 159 185 210 81 199 
124 134 162 226 89 181 59 137 
150 198 4 197 13 207 59 17 
86 225 59 223 141 71 153 180 
156 166 134 190 111 165 136 149 
37 195 169 233 124 135 204 243 
234 73 187 1 224 47 231 62 
230 252 63 7 202 237 219 231 
188 92 151 224 11 224 150 124 
107 186 18 51 211 150 40 222 
97 172 219 83 17 45 245 240 
201 128 54 52 217 52 187 178 
77 103 24 201 130 82 153 192 
243 207 7 74 1 12 26 213 
196 212 130 145 153 20 25 161 
174 176 220 117 142 156 38 3 
206 245 157 90 69 188 160 128 
189 95 48 132 82 181 248 231 
216 172 61 4 149 155 87 186 
43 118 52 23 77 164 5 145 
170 122 136 50 70 53 116 95 
161 18 67 20 171 111 235 92 
105 156 174 233 119 27 238 21 
245 26 124 211 197 71 132 230 
49 135 136 200 56 192 165 18 
137 196 249 43 144 67 184 247 
247 12 162 135 105 82 174 45 
17 100 154 38 10 180 158 53 
48 53 189 93 6 240 245 177 
12 93 236 13 121 173 159 50 
29 122 128 15 125 75 176 255 
65 220 66 58 176 221 228 149 
81 239 184 247 141 96 192 15 
170 15 69 183 27 46 187 64 
114 175 36 230 111 1 218 195 
232 59 35 186 106 159 191 212 
107 63 248 56 147 176 41 107 
12 63 201 228 218 207 72 75 
224 119 223 166 53 41 79 241 
112 193 41 119 158 230 25 157 
71 14 62 137 98 63 234 196 
243 167 196 227 91 216 246 247 
139 166 6 139 20 128 124 165 
130 89 4 25 240 173 62 77 
127 254 188 191 4 5 244 120 
196 150 144 73 157 79 203 227 
17 60 124 225 243 35 201 87 
25 41 48 239 160 137 220 9 
117 83 85 163 35 50 181 92 
117 205 180 106 122 227 42 107 
41 199 90 15 161 36 85 223 
207 107 60 82 188 183 206 155 
9 104 183 23 101 49 218 31 
217 253 216 225 214 180 6 157 
33 112 197 254 121 195 76 90 
114 242 227 9 123 118 238 178 
58 237 16 254 132 232 119 250 
110 255 117 250 95 128 226 222 
206 236 248 131 19 186 172 202 
84 85 97 127 148 52 50 98 
19 4 139 66 175 120 7 219 
119 200 153 197 130 221 78 172 
38 132 7 213 161 110 29 209 
175 122 108 182 163 79 25 144 
23 141 168 213 170 175 24 42 
17 142 32 176 243 140 21 74 
86 112 150 21 65 179 55 116 
120 67 189 1 54 22 238 122 
123 122 226 228 163 116 9 49 
220 144 201 105 217 56 191 145 
153 217 237 142 44 26 117 206 
241 5 60 113 150 8 218 101 
97 42 207 253 203 84 90 37 
158 28 100 135 126 185 201 130 
133 40 120 198 245 145 1 201 
62 67 65 66 187 188 143 66 
118 153 98 189 183 102 97 116 
75 158 6 106 4 93 33 214 
156 101 84 45 157 193 139 64 
109 237 207 231 227 200 41 54 
18 49 123 64 136 189 210 119 
172 61 88 38 125 42 85 143 
146 137 201 88 174 187 173 60 
77 11 235 95 241 122 163 33 
242 222 204 58 201 198 120 161 
198 229 19 250 189 67 227 220 
8 237 157 39 200 246 12 23 
111 26 67 42 8 60 148 97 
12 118 135 2 7 134 235 38 
194 34 52 39 110 19 154 159 
112 133 135 130 156 136 207 136 
171 131 65 177 128 167 211 28 
251 96 221 240 87 240 10 188 
92 112 215 7 223 135 44 214 
119 97 128 155 90 189 153 235 
199 19 220 207 112 53 102 80 
195 130 155 71 217 152 173 120 
50 160 204 156 192 156 233 117 
252 244 41 114 241 215 193 58 
207 190 58 13 38 146 248 59 
193 211 68 146 22 91 174 157 
185 229 154 42 250 171 104 78 
241 253 182 175 53 149 23 102 
110 40 165 98 165 165 207 136 
51 254 20 233 120 226 164 48 
158 248 210 145 28 200 112 242 
23 200 134 200 207 148 39 223 
50 45 198 151 213 32 108 56 
215 162 146 152 113 81 105 15 
58 123 119 246 243 224 197 201 
194 229 67 189 218 184 185 104 
63 26 93 181 224 253 158 41 
94 45 22 209 93 233 108 247 
94 254 29 147 249 41 237 29 
215 112 72 166 211 225 31 11 
142 51 155 9 146 172 85 246 
231 48 91 193 194 218 202 222 
160 245 169 184 184 171 159 131 
12 2 51 8 113 17 164 28 
46 216 216 181 255 224 226 117 
5 154 20 56 155 138 52 5 
112 247 143 162 78 20 213 80 
22 41 167 17 189 10 172 41 
11 186 13 114 175 220 207 22 
205 215 168 138 36 75 98 147 
218 151 253 132 7 219 149 111 
36 180 155 142 12 233 59 168 
231 81 53 194 162 218 126 234 
10 1 172 226 74 130 200 124 
180 147 220 224 133 102 74 73 
235 4 127 228 103 87 195 96 
49 237 59 218 194 45 197 168 
245 53 198 170 7 8 66 110 
251 196 189 27 72 235 59 49 
244 251 100 11 43 215 224 230 
153 87 30 14 128 30 53 212 
102 231 98 113 231 76 180 110 
235 66 110 57 246 170 91 38 
211 92 185 69 38 98 87 103 
198 203 231 203 222 20 28 42 
198 233 189 200 140 122 135 143 
108 152 163 167 154 101 213 27 
212 129 4 171 171 192 66 22 
118 215 165 169 50 43 102 70 
189 25 94 208 90 76 22 233 
88 184 250 205 171 120 93 238 
222 251 171 218 89 242 104 113 
85 74 60 180 24 143 220 20 
102 161 61 102 56 77 150 233 
248 61 56 40 162 2 34 100 
203 186 156 66 100 184 55 54 
106 98 145 159 254 43 202 115 
50 221 252 179 107 53 172 24 
157 2 110 132 33 62 211 224 
200 122 74 54 81 128 75 27 
235 240 87 182 126 173 1 183 
2 243 255 112 5 186 215 10 
96 25 219 162 19 149 94 10 
173 217 59 190 41 109 205 127 
123 168 39 36 254 132 28 218 
149 194 198 133 43 229 166 156 
72 146 251 21 242 142 133 103 
171 175 124 126 22 78 121 140 
246 141 210 176 4 111 150 169 
226 3 96 247 136 187 103 234 
117 180 252 140 61 100 204 226 
35 45 189 125 192 8 235 43 
74 204 243 16 100 113 79 90 
46 213 90 208 18 206 91 248 
65 49 184 130 231 253 106 252 
158 31 6 75 109 35 46 100 
160 185 103 156 14 27 140 57 
75 246 81 214 93 190 28 201 
195 44 162 155 178 108 146 29 
1 88 119 14 4 148 189 210 
67 152 98 50 111 76 50 161 
196 101 244 45 225 51 76 245 
246 18 55 184 25 92 143 141 
37 222 36 231 105 101 58 236 
197 221 235 185 19 164 25 83 
160 192 91 14 147 143 207 3 
111 239 235 254 1 220 220 100 
22 195 23 58 196 36 48 137 
223 148 102 179 109 196 201 89 
44 190 249 63 133 96 90 175 
50 47 236 34 33 201 14 99 
34 215 144 107 65 119 167 183 
164 92 190 232 17 151 102 183 
149 60 103 2 211 132 90 167 
160 41 86 50 195 80 184 56 
104 254 155 194 80 120 224 57 
112 254 178 171 6 14 214 128 
66 253 235 16 243 132 136 83 
91 200 31 235 213 144 219 213 
245 32 65 117 85 7 93 211 
68 74 15 97 13 110 172 135 
238 9 178 67 28 67 148 216 
139 85 191 120 110 139 216 143 
136 107 241 229 102 73 145 101 
238 217 195 115 201 28 184 93 
215 111 43 227 248 55 247 15 
163 191 86 83 138 136 157 62 
67 205 93 78 91 252 136 10 
233 155 99 234 156 84 85 178 
216 12 138 17 116 22 241 95 
89 103 34 165 102 231 97 236 
168 74 123 112 156 99 3 205 
94 243 202 154 236 195 203 106 
172 3 178 86 12 121 191 209 
163 97 32 189 57 195 169 168 
220 239 142 85 231 133 134 172 
37 90 26 112 197 110 47 156 
238 245 149 129 176 79 212 138 
119 128 56 185 234 94 122 202 
9 111 1 70 234 176 173 147 
121 216 52 131 64 47 131 109 
105 59 239 11 105 147 166 181 
212 214 228 35 234 184 13 75 
251 43 213 156 194 68 111 70 
71 42 231 60 245 195 86 230 
149 225 130 107 179 229 135 141 
134 154 27 254 223 61 128 219 
168 188 82 241 134 78 167 167 
62 56 34 105 128 112 207 94 
27 226 195 43 1 51 232 162 
181 156 178 160 226 15 181 141 
131 150 192 211 120 69 56 90 
193 152 34 146 220 230 36 99 
173 21 117 114 86 20 1 197 
82 188 21 77 231 64 224 169 
86 113 167 230 13 238 131 35 
199 9 8 17 206 135 198 224 
92 196 151 84 19 82 105 167 
24 117 52 95 143 169 186 82 
25 232 85 25 100 222 248 16 
146 129 220 147 224 5 215 131 
139 233 234 128 227 186 138 127 
118 31 48 237 188 219 89 205 
67 229 59 87 157 220 22 129 
77 186 86 70 231 231 91 248 
242 41 147 118 13 228 140 121 
152 181 81 18 71 24 190 172 
35 103 51 93 91 114 95 14 
125 176 30 226 229 233 124 199 
82 103 95 57 205 196 64 133 
17 65 56 217 221 202 245 196 
66 133 219 222 254 201 107 176 
143 235 152 221 137 102 179 255 
239 22 137 229 201 236 1 186 
71 152 42 200 110 148 206 242 
75 130 155 31 1 194 208 176 
154 65 34 90 33 250 189 35 
3 163 172 168 136 115 246 51 
155 99 118 27 113 112 128 141 
195 80 241 42 154 129 127 200 
100 248 221 209 7 99 33 220 
194 91 42 213 236 203 18 181 
14 246 115 140 204 32 48 171 
140 66 143 174 225 70 35 8 
144 72 131 36 47 116 21 188 
249 128 50 220 35 139 65 41 
48 85 211 237 5 224 214 111 
70 78 227 186 215 168 190 147 
25 146 181 140 195 223 248 245 
19 230 73 220 145 209 59 187 
204 200 229 81 119 80 1 193 
10 142 170 247 24 192 252 113 
109 10 228 156 32 244 197 158 
243 200 191 190 139 169 223 86 
133 203 144 40 52 68 216 203 
107 85 40 248 70 235 71 152 
232 197 82 197 67 51 64 109 
63 87 32 247 116 129 68 176 
40 246 90 32 254 203 111 140 
231 166 76 106 23 134 36 122 
144 200 255 62 15 124 153 46 
60 145 4 243 91 74 151 46 
119 63 6 63 97 11 126 180 
96 246 102 186 52 13 14 69 
91 216 232 244 4 12 233 111 
112 117 15 194 221 170 43 192 
165 212 230 56 97 219 158 211 
7 237 216 206 178 97 133 229 
254 62 237 69 34 104 48 150 
72 171 138 47 83 104 222 189 
189 49 248 38 140 209 48 110 
104 81 238 180 229 189 230 238 
172 40 90 61 164 46 81 182 
81 166 96 105 223 190 16 141 
204 152 211 249 103 4 63 50 
126 165 236 86 68 163 109 68 
18 249 199 93 171 58 216 5 
64 234 228 160 200 100 100 130 
216 217 8 208 9 26 152 76 
95 36 202 237 120 157 108 234 
160 168 82 107 109 226 27 37 
171 35 82 226 104 73 252 237 
21 91 129 12 103 34 223 122 
22 207 245 130 224 95 1 32 
146 208 162 246 214 104 111 148 
184 2 78 232 54 188 178 92 
145 233 201 191 82 197 22 173 
36 102 42 140 1 230 176 219 
74 187 21 78 232 231 236 74 
237 91 87 19 141 139 125 56 
159 216 184 103 99 37 117 173 
57 211 99 45 220 87 246 56 
248 103 116 175 97 83 85 49 
245 72 61 32 45 195 95 4 
111 68 252 37 200 226 15 89 
131 38 169 39 176 11 23 123 
158 143 253 59 213 46 139 18 
241 141 91 232 225 39 192 83 
125 116 182 128 231 229 91 241 
238 163 18 139 90 134 237 28 
110 96 144 201 230 153 59 135 
135 168 122 204 179 136 44 164 
182 130 136 211 86 175 175 93 
139 124 3 93 243 115 7 212 
18 235 54 82 213 128 120 54 
138 100 64 173 226 63 138 77 
150 239 244 208 166 171 97 90 
135 88 197 56 255 231 17 90 
230 46 154 201 247 157 179 225 
128 238 239 138 125 103 124 228 
188 153 180 19 219 204 77 221 
175 87 174 80 163 28 21 149 
135 126 213 133 100 244 46 247 
255 73 239 51 156 91 159 143 
105 36 143 237 190 136 236 191 
19 97 147 205 228 84 243 101 
66 69 226 129 54 125 5 177 
208 142 184 21 41 160 63 92 
202 200 219 190 115 12 38 178 
76 79 226 163 224 165 238 136 
64 149 56 16 173 26 20 54 
43 65 232 118 14 111 247 115 
75 217 47 130 47 233 177 182 
142 167 207 71 12 95 48 100 
7 175 254 178 141 239 78 210 
2 192 192 160 244 155 195 153 
221 8 240 74 70 69 86 248 
208 110 251 88 98 114 140 28 
100 192 39 81 33 2 148 215 
46 163 116 63 224 145 125 147 
40 68 161 119 111 168 98 255 
127 10 93 182 148 235 156 6 
42 163 149 38 21 60 33 206 
101 248 89 28 128 89 53 42 
125 124 41 113 179 89 102 4 
106 34 150 17 97 229 117 251 
249 193 42 234 178 249 77 69 
30 207 202 53 188 80 187 181 
79 241 120 212 164 51 186 247 
78 62 229 122 228 110 39 18 
179 231 199 45 171 54 189 187 
124 91 174 129 69 156 74 188 
158 101 192 219 12 47 34 188 
116 42 27 91 220 136 118 138 
96 249 200 88 139 248 87 245 
80 6 242 251 95 66 31 60 
132 94 108 111 90 140 255 174 
199 44 151 81 39 148 128 210 
76 179 60 230 41 61 57 96 
251 254 208 191 81 49 158 47 
168 48 112 218 64 102 18 74 
86 143 12 43 35 117 83 156 
113 228 238 151 202 150 199 239 
183 65 53 198 22 30 166 25 
70 128 91 165 252 251 168 109 
106 207 107 135 141 114 146 24 
41 31 229 68 82 232 98 207 
151 44 104 171 66 72 26 45 
250 2 30 178 170 42 179 240 
248 249 5 196 176 167 36 219 
151 46 106 172 191 195 181 18 
57 3 6 133 240 233 75 24 
67 119 248 103 42 84 3 186 
31 251 66 104 224 87 25 167 
245 215 16 74 146 221 160 3 
11 19 71 104 96 167 33 88 
153 169 50 225 144 217 174 9 
248 213 188 111 133 243 95 126 
83 112 109 87 222 56 7 98 
99 144 142 172 108 103 156 160 
2 14 16 159 14 24 189 150 
174 243 59 140 57 61 82 27 
213 250 52 77 129 28 96 238 
138 219 129 110 188 98 162 8 
216 246 88 92 160 68 16 45 
162 80 60 151 43 114 107 174 
199 58 36 106 82 212 238 127 
184 207 35 243 163 19 230 2 
244 41 231 201 110 243 118 230 
156 25 203 16 236 99 223 67 
45 86 136 204 194 52 54 156 
71 27 8 173 141 230 79 70 
8 166 45 47 91 56 222 22 
245 143 165 111 148 218 251 250 
110 99 130 152 156 218 85 22 
167 30 79 226 10 57 138 79 
236 19 81 206 171 45 215 133 
52 186 190 7 182 45 83 53 
105 122 143 141 71 177 119 116 
224 36 26 236 134 254 132 211 
2 121 135 211 183 142 222 82 
77 214 46 245 200 20 147 224 
96 198 203 14 1 70 7 56 
210 109 183 107 244 53 227 150 
9 182 111 4 210 226 235 249 
86 145 187 53 7 146 120 67 
23 92 26 148 109 21 227 19 
2 151 48 89 63 245 135 225 
189 45 4 124 219 80 64 197 
214 169 76 243 160 252 155 57 
162 43 58 68 220 76 118 223 
108 41 26 159 184 125 227 181 
123 72 242 166 55 158 29 115 
32 136 195 68 174 122 74 102 
173 29 47 179 154 98 211 107 
205 46 157 109 168 64 173 213 
136 218 149 42 42 88 20 89 
188 236 187 39 91 187 111 211 
75 230 116 64 36 244 217 72 
240 100 190 145 161 60 180 110 
122 245 208 31 37 130 242 158 
72 140 92 4 208 20 241 32 
152 250 126 146 226 62 3 135 
165 5 180 39 154 161 90 118 
157 118 153 36 71 80 176 228 
121 189 90 142 69 32 106 76 
4 43 231 26 164 199 227 168 
229 149 211 48 209 133 123 177 
79 143 233 203 17 125 231 228 
242 204 62 56 94 145 210 252 
200 238 103 158 7 32 114 254 
85 150 231 135 166 232 194 30 
2 68 49 207 39 115 112 228 
229 47 165 201 86 114 12 35 
167 80 97 201 99 13 237 3 
2 122 24 96 39 217 32 176 
95 249 251 148 199 195 37 142 
89 78 193 48 241 55 200 235 
242 253 233 133 67 102 36 134 
36 110 117 174 33 144 148 74 
255 196 174 14 249 1 178 108 
78 248 184 101 237 128 224 60 
180 40 21 52 241 216 28 194 
118 138 214 149 180 83 249 35 
113 198 130 63 154 188 12 100 
79 156 113 31 179 249 140 175 
37 166 164 141 7 45 36 48 
66 87 54 105 139 192 93 210 
33 171 13 193 92 178 107 98 
85 45 130 225 229 214 176 38 
62 143 164 151 211 76 192 39 
7 254 85 95 102 201 197 57 
196 125 64 39 254 23 207 193 
69 127 183 106 143 33 4 74 
203 8 47 76 132 242 180 221 
101 126 5 65 187 191 202 232 
212 153 136 17 118 243 141 74 
186 75 34 230 142 25 153 255 
131 239 197 19 67 55 192 35 
134 233 149 154 161 48 82 160 
219 150 13 184 200 45 165 237 
9 153 232 208 144 129 200 80 
210 128 218 11 224 146 116 40 
228 124 52 167 84 116 127 203 
176 109 32 196 158 7 80 156 
102 170 164 171 46 102 15 160 
42 226 244 9 202 39 122 186 
105 119 173 190 3 54 45 241 
38 133 189 217 53 146 175 137 
27 10 5 178 148 42 192 233 
89 166 27 121 47 246 85 63 
24 144 78 201 167 172 241 117 
188 80 219 226 210 195 179 22 
240 51 132 37 185 183 131 196 
245 207 201 163 116 237 119 245 
255 234 32 3 134 175 242 219 
214 194 191 221 4 245 41 92 
181 189 133 231 16 82 70 48 
103 85 99 45 120 148 185 70 
66 27 160 91 8 158 91 228 
115 167 110 225 159 191 208 125 
215 214 186 171 91 238 227 152 
99 240 36 113 89 42 166 184 
232 46 68 8 147 197 230 194 
229 203 85 29 57 199 123 100 
27 112 172 236 185 215 18 217 
121 46 72 72 146 110 239 55 
161 25 209 214 40 112 120 25 
235 158 219 123 189 135 109 200 
231 199 152 100 15 180 135 40 
184 139 254 239 87 164 71 125 
103 30 199 27 66 20 198 155 
162 178 254 5 154 188 165 232 
169 231 102 150 133 193 144 16 
130 193 191 97 101 113 248 17 
95 98 128 15 122 180 243 71 
150 173 132 155 237 254 9 57 
30 104 204 59 181 182 138 94 
109 229 230 166 174 138 142 240 
150 109 140 118 189 166 86 124 
79 202 183 109 230 33 174 25 
64 211 103 78 58 74 14 60 
230 73 145 73 133 34 57 101 
194 123 214 170 195 28 133 234 
242 167 140 25 211 157 2 144 
180 43 110 239 1 6 252 243 
206 146 177 142 115 123 67 51 
138 178 2 118 236 8 26 147 
161 129 131 243 209 119 154 249 
198 115 169 199 152 168 142 241 
142 140 149 34 34 1 132 20 
241 67 155 68 26 223 107 124 
42 195 47 204 187 207 233 35 
221 32 17 111 32 129 197 39 
87 48 78 194 80 135 149 12 
48 66 156 176 75 185 167 142 
77 74 41 34 34 210 85 220 
191 33 106 130 26 234 85 98 
39 50 163 204 108 122 175 7 
167 215 66 184 248 232 183 175 
247 106 206 167 3 250 111 53 
239 67 4 104 80 151 46 209 
89 252 47 150 247 184 193 63 
114 94 116 131 247 93 204 215 
84 3 28 69 185 75 148 44 
253 33 16 98 10 255 139 171 
79 12 23 73 12 32 202 224 
27 125 97 79 65 106 42 39 
207 141 84 139 34 3 251 189 
30 176 91 197 227 23 52 83 
40 62 34 72 161 96 167 49 
51 35 27 218 93 108 85 104 
207 198 22 128 108 199 222 88 
119 14 36 237 81 248 167 58 
204 131 38 147 149 220 176 146 
175 135 215 159 78 239 142 64 
160 181 64 200 227 97 182 201 
48 79 51 202 172 118 123 144 
247 51 82 183 194 151 233 113 
15 36 38 255 241 84 11 85 
57 236 244 179 243 234 51 73 
85 169 6 19 183 167 124 30 
25 56 6 40 172 185 20 15 
147 202 29 122 102 103 254 41 
72 13 78 78 120 135 14 170 
120 58 107 114 170 124 231 73 
39 156 64 226 158 247 145 6 
9 164 146 151 131 43 21 92 
183 240 227 241 178 228 24 59 
159 163 158 53 117 150 175 39 
191 210 110 137 167 9 98 177 
233 68 120 154 51 14 203 42 
231 196 250 244 252 148 147 217 
143 98 142 225 139 250 200 165 
227 113 242 91 143 231 221 13 
117 70 194 62 36 199 177 193 
43 77 59 218 149 43 198 123 
198 68 87 43 52 68 226 108 
3 26 188 136 81 116 32 218 
105 131 123 176 210 181 173 97 
79 63 65 106 194 40 90 252 
14 58 190 242 38 30 29 3 
86 20 66 195 10 86 121 184 
5 98 75 27 22 220 45 8 
143 104 210 17 134 159 107 139 
22 9 151 28 255 171 226 36 
76 135 202 2 216 245 197 165 
11 75 9 237 223 68 140 226 
122 13 23 50 125 224 64 200 
93 28 211 8 86 119 152 195 
134 69 11 17 252 144 251 29 
140 220 43 103 244 88 144 160 
79 161 129 29 122 51 67 64 
195 186 37 174 67 234 84 204 
203 23 242 222 200 24 131 41 
213 238 197 187 225 71 148 79 
218 27 132 210 167 205 12 165 
227 104 95 63 19 253 84 156 
98 84 103 44 216 18 28 188 
210 10 112 144 117 233 246 78 
10 118 157 157 40 19 205 103 
26 150 238 4 14 150 66 67 
197 27 117 225 149 2 154 56 
32 120 175 89 136 144 10 225 
69 152 199 152 69 119 237 67 
197 169 88 175 174 94 204 255 
108 9 183 247 47 105 182 78 
70 131 174 55 188 140 113 186 
108 80 241 122 179 76 245 104 
33 184 8 194 32 252 125 215 
152 144 228 189 245 108 63 116 
14 167 8 8 84 211 118 28 
91 48 76 135 2 42 137 195 
44 86 130 233 237 168 124 148 
38 85 119 35 166 169 244 177 
39 207 227 228 251 255 13 108 
159 190 32 33 56 243 118 125 
246 254 153 191 41 87 209 119 
152 137 116 116 120 216 126 229 
125 193 205 116 146 209 153 186 
73 250 98 197 125 192 54 11 
82 206 221 152 60 1 52 240 
133 224 171 218 86 34 94 170 
26 210 61 18 142 247 255 205 
58 139 73 187 212 228 250 20 
48 142 175 1 38 243 178 55 
172 149 103 71 43 103 171 4 
226 229 123 219 7 90 124 231 
196 131 133 244 81 115 66 55 
169 92 141 167 26 83 189 252 
153 83 130 81 244 8 241 129 
87 252 16 73 129 157 168 232 
228 9 27 248 208 86 251 213 
3 189 203 169 243 238 61 181 
57 123 48 236 213 234 47 253 
30 254 171 46 133 5 221 22 
209 162 25 102 210 130 61 163 
227 167 147 51 138 38 29 193 
231 114 99 15 150 38 147 243 
190 26 2 5 130 201 180 68 
57 7 5 125 107 183 184 124 
232 74 197 102 26 89 191 255 
66 176 211 56 167 246 140 212 
114 240 31 112 155 47 66 202 
81 240 173 21 90 198 115 197 
38 192 246 159 17 37 203 185 
29 194 118 16 67 223 246 172 
81 134 164 192 216 76 86 3 
36 85 245 221 251 2 88 158 
15 138 13 84 29 124 86 83 
178 251 9 216 178 5 56 141 
75 110 12 9 151 13 54 60 
103 229 86 171 169 237 172 171 
213 195 68 106 125 74 13 179 
144 113 70 50 205 216 74 111 
229 106 116 196 42 176 251 189 
185 72 36 120 133 200 239 232 
156 105 50 118 166 159 250 92 
29 28 182 129 1 208 222 57 
158 155 188 10 135 168 126 83 
238 173 176 113 21 71 190 177 
67 69 134 249 180 173 27 175 
216 35 53 90 10 237 217 179 
128 62 19 103 244 244 202 193 
145 99 104 127 12 85 28 123 
49 211 158 30 15 70 77 22 
148 189 126 121 205 53 41 123 
129 204 108 106 42 38 197 118 
209 175 171 61 118 89 168 196 
193 135 10 10 70 120 25 151 
45 130 30 95 63 127 77 9 
32 181 173 195 71 29 51 44 
237 27 213 101 55 164 182 175 
139 219 163 100 50 249 242 28 
50 3 192 191 85 163 89 168 
4 48 125 153 90 106 251 215 
186 176 200 240 157 33 198 149 
57 90 168 160 102 127 64 130 
194 188 9 161 48 181 25 14 
244 174 143 27 207 212 132 217 
146 244 89 204 37 27 41 214 
210 126 142 217 46 77 6 148 
3 71 88 29 177 254 63 3 
86 14 97 34 234 27 140 53 
247 29 24 158 174 84 176 2 
1 17 44 18 224 52 118 121 
134 198 165 45 219 120 224 185 
53 87 208 217 178 207 207 179 
215 124 52 213 197 103 93 54 
250 203 122 96 234 51 90 148 
230 168 146 198 3 234 197 109 
54 138 122 65 151 78 203 250 
52 89 183 145 212 82 47 175 
206 249 237 44 29 206 191 35 
23 120 171 121 86 48 186 252 
180 180 242 121 218 75 251 162 
142 66 179 98 196 233 138 62 
21 184 153 203 184 221 243 157 
108 249 138 96 36 17 232 52 
42 2 176 234 27 148 247 120 
212 38 16 56 116 203 56 166 
160 74 80 231 81 16 155 142 
232 120 25 237 35 248 206 23 
195 83 129 185 166 124 197 219 
123 220 231 223 38 252 223 222 
241 223 93 119 207 160 2 56 
208 237 125 121 223 131 90 236 
94 133 147 185 16 174 227 167 
165 85 25 81 208 76 25 32 
169 69 190 148 240 151 88 220 
119 187 193 7 212 200 149 148 
193 69 154 75 55 220 255 206 
215 151 45 76 113 9 24 94 
105 7 236 192 59 139 214 201 
139 75 164 31 33 22 150 103 
236 243 231 178 97 52 129 12 
245 114 157 206 155 125 250 148 
151 18 74 146 57 231 175 12 
251 126 248 39 209 190 54 45 
173 72 91 58 225 168 44 42 
96 151 158 230 54 202 100 65 
221 158 172 11 94 26 113 58 
168 12 177 131 139 224 182 144 
59 26 67 111 65 152 137 76 
229 54 82 26 2 24 79 234 
151 206 247 229 24 151 80 89 
36 189 132 89 21 199 158 197 
60 27 75 45 155 85 197 185 
194 255 64 77 101 190 60 221 
20 201 127 165 164 151 34 246 
37 50 8 143 233 195 117 176 
103 173 72 201 47 23 51 191 
59 207 183 174 130 237 156 124 
126 120 191 172 187 129 139 245 
220 63 34 121 91 232 57 137 
32 18 178 3 93 191 39 138 
233 46 220 212 54 173 29 127 
18 161 137 150 189 46 172 123 
184 218 42 142 178 159 102 134 
148 171 254 103 38 219 92 210 
179 159 167 228 52 101 36 80 
37 149 203 69 119 238 236 172 
100 220 163 87 76 155 110 117 
95 126 31 223 160 242 218 56 
223 78 178 159 97 5 18 16 
103 230 143 39 182 194 18 60 
252 103 219 157 44 2 182 155 
120 199 118 169 54 127 109 249 
23 89 47 245 29 27 241 242 
223 211 96 17 53 26 111 109 
17 174 13 149 162 120 6 220 
160 253 114 26 182 77 117 12 
255 251 167 128 150 116 248 116 
207 19 76 4 139 67 166 245 
128 208 48 247 195 47 2 93 
251 161 254 168 203 154 207 82 
116 45 235 179 16 74 228 194 
219 173 249 122 23 206 138 244 
20 213 6 133 51 73 45 233 
202 130 34 177 214 64 255 178 
216 8 215 85 146 20 161 192 
234 183 161 33 108 48 227 105 
198 9 228 128 93 111 78 118 
43 80 7 252 184 95 200 153 
173 92 91 237 87 234 78 159 
35 91 20 11 197 149 6 125 
66 156 17 94 78 240 69 45 
146 13 153 162 109 85 163 251 
235 122 203 246 28 66 125 87 
64 28 250 70 180 82 145 185 
142 95 3 227 14 241 153 111 
90 102 216 57 220 6 87 172 
53 208 74 198 25 251 8 115 
211 96 68 100 55 21 238 168 
83 5 37 154 219 39 8 49 
177 102 69 169 238 10 61 211 
1 230 38 226 81 213 162 225 
206 121 94 143 204 126 50 218 
213 153 211 8 90 99 46 110 
1 26 183 28 210 114 24 213 
32 10 189 97 93 91 253 104 
252 188 127 80 172 170 81 97 
88 167 171 15 199 36 207 152 
126 7 171 136 35 246 183 67 
84 182 162 218 63 46 20 118 
122 33 152 104 180 211 149 167 
24 120 163 34 166 147 74 41 
198 137 30 30 202 232 55 183 
144 66 1 180 174 9 142 164 
143 244 38 89 190 230 110 173 
53 146 36 85 158 47 70 107 
27 121 190 150 145 149 164 138 
216 58 224 202 111 217 77 148 
147 187 246 148 122 231 192 53 
121 94 179 80 134 252 105 52 
247 110 8 115 124 19 38 121 
153 15 88 120 238 191 142 62 
213 170 154 224 205 143 23 145 
49 72 73 143 204 147 76 240 
164 108 66 208 29 188 192 74 
87 190 148 162 53 82 39 53 
88 201 126 151 161 105 44 169 
54 52 190 46 61 76 171 218 
207 86 8 105 39 128 116 127 
138 246 199 241 101 198 155 119 
140 137 110 236 111 171 65 242 
218 63 89 254 9 170 62 17 
160 171 47 251 233 29 220 33 
215 159 8 56 1 206 191 129 
251 194 194 91 5 15 106 244 
205 109 56 255 193 253 4 95 
41 95 176 45 157 203 91 75 
17 46 125 220 123 112 64 147 
136 251 107 207 179 58 226 30 
255 193 126 220 208 136 60 30 
230 18 159 97 41 199 236 65 
128 52 248 111 14 104 239 205 
5 81 200 123 234 59 167 30 
56 207 94 56 204 155 189 17 
235 194 194 1 163 193 131 57 
207 166 64 9 26 96 234 95 
172 37 67 148 243 211 236 174 
2 57 18 7 13 240 168 115 
99 151 81 232 55 204 204 161 
192 243 142 110 95 8 90 252 
5 246 237 166 115 164 19 133 
47 59 34 138 29 211 127 179 
223 120 240 87 59 191 197 242 
105 178 26 237 137 112 228 85 
44 210 242 111 140 14 9 201 
27 26 226 113 55 44 121 225 
59 71 85 253 221 107 96 88 
19 155 26 184 129 50 145 130 
144 58 146 34 96 45 12 208 
97 225 99 73 12 207 219 8 
40 98 177 181 45 5 157 155 
101 168 142 32 190 241 131 233 
97 161 89 26 144 116 209 112 
127 100 151 19 245 167 57 160 
104 62 113 138 12 230 137 200 
235 217 44 223 28 248 96 139 
70 22 207 57 173 33 244 19 
201 228 14 129 26 185 235 70 
140 126 144 27 175 199 216 218 
139 137 181 246 124 211 211 209 
151 124 91 145 197 85 248 179 
18 142 7 98 110 152 33 176 
14 250 245 43 46 89 166 107 
78 136 240 106 40 25 213 48 
130 160 99 145 88 88 62 143 
71 222 143 73 7 77 103 232 
105 132 22 64 253 217 211 218 
245 38 49 140 176 92 96 43 
13 150 253 227 197 218 26 29 
23 238 119 243 111 238 202 190 
242 51 194 134 76 138 75 7 
210 143 219 168 222 60 121 235 
75 139 111 81 95 175 26 165 
123 93 196 62 209 96 194 67 
119 41 44 9 34 209 18 41 
76 4 71 8 132 219 129 183 
213 193 156 60 117 50 48 23 
160 202 237 120 123 149 188 66 
227 57 41 78 114 200 214 3 
96 186 27 188 78 95 245 150 
37 122 152 75 154 93 180 205 
19 150 248 41 65 35 54 64 
80 148 115 149 115 249 115 1 
7 190 103 126 187 186 126 71 
149 145 41 249 25 96 206 161 
82 87 89 122 247 240 221 111 
113 213 117 238 58 73 16 53 
91 240 83 16 97 198 12 195 
181 54 175 182 253 95 112 58 
34 102 218 72 29 50 178 227 
108 211 210 18 164 102 65 15 
149 23 211 38 199 183 150 197 
255 8 235 135 140 40 145 250 
246 200 48 69 20 126 128 240 
195 149 131 90 179 60 7 91 
51 174 93 179 215 182 204 99 
39 194 102 162 72 182 155 179 
27 113 246 1 10 155 144 129 
204 173 134 248 205 93 60 163 
247 107 41 27 94 240 6 121 
141 112 229 59 211 248 86 61 
107 22 120 207 182 252 93 29 
146 228 37 12 122 12 62 45 
10 194 231 63 80 91 76 214 
245 56 242 219 221 59 100 188 
231 16 66 29 201 189 226 189 
244 115 83 47 87 23 211 208 
7 16 139 189 131 20 33 254 
96 2 10 165 172 237 245 240 
238 136 64 208 178 189 167 2 
66 145 216 3 136 107 10 233 
11 222 235 101 39 179 213 218 
52 128 152 113 227 173 113 243 
125 142 129 161 110 243 149 99 
169 90 105 20 50 249 158 153 
52 97 53 42 240 93 222 214 
70 200 115 169 15 231 83 107 
5 158 206 185 56 145 21 134 
86 151 226 205 192 212 119 173 
88 119 120 160 177 16 11 187 
15 88 72 17 77 89 174 209 
104 137 60 60 16 72 30 80 
245 247 53 106 166 213 111 75 
130 225 219 182 253 149 52 223 
167 5 22 189 184 164 239 214 
26 149 65 73 15 18 27 211 
217 86 252 225 186 25 52 111 
20 198 253 199 129 7 244 115 
53 194 34 243 160 25 226 168 
218 61 137 190 96 139 84 120 
47 226 113 119 220 151 19 225 
202 173 172 215 106 53 39 56 
114 88 209 25 11 85 27 230 
113 167 88 96 215 145 43 110 
176 219 74 168 18 79 209 250 
156 171 244 247 57 77 134 113 
116 96 13 224 139 28 200 50 
15 123 60 209 247 209 6 188 
135 213 221 95 94 68 88 193 
5 184 34 92 109 39 133 201 
215 145 205 111 103 167 48 148 
106 168 244 114 32 235 167 178 
11 248 255 9 127 177 182 107 
241 205 68 226 116 84 47 15 
25 61 227 119 216 66 207 84 
45 35 165 69 223 65 233 123 
182 249 228 82 127 237 225 42 
144 9 250 247 159 161 153 47 
148 92 242 91 180 18 129 150 
199 83 35 7 65 180 108 202 
208 17 11 87 30 89 190 148 
84 42 64 12 195 47 92 224 
241 83 168 174 248 90 55 93 
31 178 82 161 31 146 110 133 
53 5 197 220 206 189 54 51 
186 210 74 2 230 110 148 27 
194 18 191 98 96 29 110 78 
181 74 140 50 163 23 152 100 
161 121 41 45 187 151 11 143 
11 38 147 226 158 160 162 220 
122 215 74 227 10 68 34 38 
102 130 158 143 158 1 128 78 
157 202 46 6 105 34 125 195 
175 254 191 75 49 238 54 159 
184 248 132 79 3 93 8 154 
4 186 209 118 130 250 20 70 
9 77 150 178 222 201 37 138 
93 125 40 233 75 186 90 9 
219 6 63 61 31 252 174 13 
8 167 33 14 230 46 104 81 
161 184 115 84 178 24 2 112 
174 86 181 143 70 129 198 47 
184 84 203 149 191 227 222 87 
33 252 89 205 180 90 142 236 
45 171 217 57 43 127 54 206 
19 49 13 18 130 163 173 131 
241 194 105 91 33 199 20 4 
90 169 216 91 136 82 176 2 
104 2 240 112 200 139 174 96 
42 94 203 34 228 202 231 149 
102 135 186 83 36 152 102 51 
154 117 198 211 198 120 112 94 
22 136 242 167 69 84 232 168 
19 153 25 17 28 107 173 139 
67 140 127 157 108 253 187 120 
126 96 142 35 36 237 171 69 
252 42 215 126 102 129 51 9 
201 135 191 58 250 38 154 190 
149 130 117 223 73 115 158 233 
237 46 255 169 94 255 210 157 
89 87 206 124 89 152 34 148 
244 139 183 214 132 138 213 243 
196 238 216 30 238 118 67 1 
58 187 116 195 217 162 225 215 
80 37 181 146 36 105 226 63 
185 54 88 13 2 144 185 239 
246 87 45 70 212 29 203 16 
146 119 231 182 179 117 11 154 
148 60 183 90 41 73 225 36 
84 252 76 216 12 64 196 18 
132 40 216 45 148 156 230 245 
211 77 153 129 74 180 65 201 
7 2 129 69 46 28 154 191 
30 60 18 83 183 193 131 153 
107 47 169 106 168 77 16 13 
107 1 242 106 79 12 162 88 
164 134 59 124 186 102 107 200 
25 178 57 96 32 117 224 149 
27 98 144 248 242 99 53 14 
124 4 150 166 194 238 47 119 
38 65 220 154 2 224 93 81 
8 206 180 45 176 193 220 32 
2 97 49 180 167 113 189 180 
38 134 121 14 137 55 49 33 
51 8 197 1 47 5 165 22 
25 21 186 187 107 23 174 116 
111 203 38 19 198 130 81 54 
63 86 59 127 233 183 117 162 
5 76 55 113 214 211 151 203 
148 169 166 74 158 94 80 227 
101 100 78 85 206 166 78 93 
30 5 18 254 168 56 29 155 
182 106 246 250 180 35 205 16 
226 236 210 182 105 198 208 242 
171 66 85 61 70 154 146 186 
115 43 191 130 180 158 44 197 
127 63 198 134 107 148 3 111 
210 236 64 17 122 27 143 60 
222 43 253 93 31 13 159 122 
222 191 196 48 175 36 139 92 
23 95 188 173 232 90 188 32 
130 224 252 224 213 198 44 94 
87 67 59 249 86 91 11 131 
35 35 60 67 50 79 196 140 
251 225 184 255 135 238 145 184 
207 145 49 3 79 127 238 86 
43 56 64 54 240 133 106 163 
79 57 220 16 1 46 3 74 
168 75 238 185 141 238 71 12 
192 235 9 210 238 116 125 170 
110 100 42 152 129 215 160 250 
225 45 136 49 210 167 239 171 
214 217 99 172 140 212 69 81 
109 72 126 111 78 36 132 175 
224 4 194 224 169 140 70 20 
201 38 8 214 201 213 212 225 
27 135 73 160 253 33 42 191 
61 129 150 119 174 120 199 210 
99 60 60 133 206 83 70 218 
186 245 167 251 102 189 91 250 
240 100 14 218 53 41 38 84 
191 7 205 125 193 71 29 71 
62 243 206 140 108 70 160 28 
20 73 48 60 240 228 206 245 
131 89 49 87 251 138 33 37 
78 145 241 232 238 140 168 201 
229 4 205 4 163 134 12 48 
93 5 61 58 160 105 99 42 
232 210 229 157 207 72 189 250 
76 196 56 18 98 152 3 143 
87 46 96 211 29 134 188 164 
162 165 53 210 200 218 248 222 
144 238 74 157 148 183 199 71 
44 126 196 90 119 175 90 143 
47 182 110 22 50 30 205 176 
243 254 158 213 97 47 65 110 
102 162 183 29 63 255 73 133 
176 245 46 61 98 61 239 75 
17 39 214 64 198 24 56 92 
22 95 209 122 205 163 3 56 
31 135 234 42 147 16 224 24 
86 223 188 232 211 31 203 19 
179 131 188 218 43 173 207 19 
163 93 100 92 162 232 17 73 
144 165 93 51 197 197 150 212 
1 39 64 176 236 63 213 61 
40 239 122 204 254 70 176 196 
240 208 63 93 5 151 128 220 
203 204 189 77 92 233 243 166 
41 71 160 11 95 2 74 118 
21 205 91 240 156 118 216 134 
174 218 53 238 106 155 142 5 
138 188 23 121 203 136 169 172 
90 57 4 79 138 194 144 73 
107 221 97 44 232 220 20 48 
199 114 2 44 215 162 26 29 
85 87 179 193 37 227 219 141 
40 205 141 66 238 160 196 36 
78 123 65 7 176 181 87 196 
184 149 106 65 2 180 231 101 
148 245 207 120 229 122 61 100 
177 41 187 14 22 234 142 67 
103 230 4 188 175 231 29 55 
187 31 53 201 176 20 197 126 
79 145 161 178 124 166 181 47 
212 156 32 249 72 8 171 248 
205 224 209 12 40 179 64 218 
66 172 222 101 183 116 46 153 
96 133 171 207 182 254 221 230 
66 115 138 254 206 45 247 111 
51 252 71 62 115 255 86 248 
179 40 55 57 133 104 133 74 
198 5 109 88 113 172 8 252 
237 35 11 104 5 37 195 83 
89 181 16 54 236 10 123 177 
233 197 101 12 18 91 236 198 
11 18 99 157 235 204 6 23 
223 79 103 51 156 52 58 68 
172 12 74 99 31 189 66 241 
241 234 115 26 216 158 16 159 
79 88 208 150 182 110 91 207 
203 126 152 82 61 105 116 153 
167 159 17 154 17 126 29 183 
212 59 35 104 141 243 176 242 
54 215 208 231 2 111 24 54 
227 127 26 179 99 223 53 230 
43 27 169 79 133 11 161 32 
109 147 85 117 50 17 119 179 
203 138 54 35 166 115 190 125 
215 112 23 174 142 132 218 218 
114 186 118 251 199 113 153 175 
213 226 219 80 84 122 193 166 
116 161 18 83 179 88 1 32 
7 250 159 129 116 179 15 223 
161 130 163 116 127 212 43 54 
169 41 60 36 93 15 9 68 
156 28 126 134 172 216 100 22 
160 116 169 237 38 59 83 211 
205 231 197 124 36 146 33 104 
166 252 96 10 209 221 26 3 
97 244 220 130 181 181 176 218 
7 54 197 104 26 156 210 65 
26 8 119 223 239 121 70 199 
216 233 172 208 94 239 127 197 
206 96 172 47 165 205 201 64 
128 159 178 141 247 115 190 22 
12 168 157 19 36 1 192 51 
178 65 195 55 229 152 65 146 
78 104 58 202 220 152 218 241 
180 151 117 146 10 136 30 134 
159 202 70 108 64 5 242 253 
164 254 223 26 21 144 185 196 
71 162 155 80 72 218 234 88 
93 28 16 7 213 14 68 9 
71 44 118 155 137 194 5 26 
150 170 109 216 165 160 207 203 
154 3 207 95 219 219 224 7 
200 86 82 55 80 50 100 230 
233 86 233 103 70 63 128 211 
247 226 254 172 52 24 138 169 
171 62 9 70 223 26 241 103 
222 52 166 117 89 251 49 171 
68 237 246 206 90 205 255 154 
16 169 198 174 104 186 250 71 
97 6 175 170 189 167 215 225 
142 170 169 178 156 58 17 233 
148 11 76 1 25 101 178 150 
98 200 143 206 132 253 183 142 
73 103 229 144 142 121 238 28 
193 36 22 109 53 7 16 73 
142 239 87 166 224 29 14 120 
33 159 118 212 1 179 31 191 
63 86 57 179 157 157 23 45 
208 28 29 174 159 191 251 14 
69 68 242 147 177 245 94 114 
80 86 67 185 131 64 32 65 
243 94 108 25 85 6 17 112 
177 152 99 160 137 190 66 211 
205 98 221 114 22 76 23 19 
55 209 40 170 88 115 141 135 
43 51 209 103 163 211 22 236 
49 127 171 222 237 114 73 143 
42 44 25 15 157 73 104 120 
108 231 47 167 22 142 201 196 
179 219 148 249 52 203 19 146 
71 73 72 82 138 78 114 176 
91 132 76 203 233 6 211 144 
130 27 53 21 18 54 34 194 
89 3 174 235 162 130 50 20 
118 54 56 77 178 247 26 70 
250 166 221 243 35 162 90 112 
205 194 109 67 188 158 39 254 
24 201 167 238 34 116 223 172 
30 242 70 185 1 105 235 240 
207 14 121 115 206 248 246 110 
204 95 17 200 176 142 30 111 
236 161 11 10 251 237 153 201 
33 148 1 156 42 130 250 45 
79 58 206 135 107 171 214 59 
6 235 122 175 29 23 241 78 
234 154 247 23 255 189 190 186 
13 206 95 205 32 72 163 230 
181 217 62 81 106 172 252 23 
152 232 39 190 120 55 54 8 
136 139 111 20 93 27 54 107 
37 215 67 170 93 215 13 167 
67 115 195 96 234 136 219 153 
67 132 164 36 110 160 77 2 
138 126 225 191 177 131 10 11 
248 72 65 90 56 98 120 58 
216 247 138 61 148 159 229 127 
61 246 22 248 231 195 216 77 
179 202 226 240 132 168 33 124 
187 181 199 24 82 222 60 253 
168 153 93 61 42 79 146 244 
35 170 215 65 113 95 252 217 
232 157 98 253 81 100 22 101 
32 198 75 114 68 238 150 138 
254 102 253 159 28 172 189 89 
188 104 127 253 219 128 210 211 
234 99 110 20 13 184 81 136 
32 58 33 35 143 86 110 222 
55 231 110 8 109 17 4 142 
191 154 69 194 126 75 230 68 
29 56 107 116 236 47 67 60 
173 83 219 248 133 222 54 80 
136 130 9 248 164 234 180 28 
234 166 219 180 61 117 73 210 
199 183 206 243 232 192 158 90 
91 176 97 247 173 137 69 17 
191 232 175 49 136 156 36 206 
66 213 104 236 87 253 16 240 
17 93 248 81 75 136 149 7 
181 129 217 175 229 53 232 29 
66 88 225 233 214 232 38 80 
239 147 240 222 238 138 77 234 
143 175 62 196 236 45 168 53 
168 125 143 166 29 130 95 239 
33 114 79 169 197 237 237 132 
104 72 27 23 54 92 54 69 
255 195 118 152 211 150 77 171 
38 146 49 77 129 180 214 85 
177 243 54 253 16 137 98 114 
78 173 48 26 25 9 232 125 
248 166 132 221 220 177 24 31 
199 172 206 196 121 187 253 241 
101 192 76 82 118 191 46 51 
184 16 182 125 88 252 226 207 
122 98 39 131 96 20 236 208 
177 247 167 251 165 155 174 139 
50 43 55 41 207 238 27 85 
121 191 162 170 30 120 164 100 
199 201 99 148 15 45 250 106 
196 130 119 139 178 67 38 196 
169 233 175 190 223 190 95 22 
153 182 150 134 249 90 135 147 
249 70 94 113 189 5 99 247 
1 254 140 46 21 241 160 47 
46 84 191 210 108 97 205 217 
126 89 152 236 66 42 204 243 
121 215 189 242 183 254 95 93 
173 137 165 123 55 146 73 220 
179 164 178 247 200 217 234 172 
196 153 69 198 138 96 61 59 
1 186 154 198 58 5 126 122 
250 63 129 4 49 128 150 236 
143 2 95 11 188 120 2 130 
30 175 247 227 10 96 186 23 
184 89 30 249 58 136 114 134 
223 242 171 39 62 25 110 58 
242 8 70 175 140 35 101 173 
111 248 243 78 12 149 38 214 
55 202 108 175 194 86 68 199 
206 21 190 88 88 153 8 74 
81 115 234 120 218 243 138 12 
215 84 125 85 223 206 228 226 
238 240 2 212 3 13 87 231 
99 65 20 38 46 92 91 125 
206 44 24 42 125 233 41 127 
243 114 109 124 185 179 128 173 
115 107 67 229 213 119 194 59 
245 88 20 149 60 193 117 251 
224 202 224 157 254 190 110 115 
146 208 232 236 230 106 144 187 
168 178 215 91 125 215 122 103 
172 61 53 32 108 125 151 34 
150 193 249 94 124 172 173 60 
63 43 50 71 181 193 103 62 
115 134 139 109 104 126 212 230 
151 153 236 3 69 194 72 167 
43 117 70 12 136 130 231 38 
153 149 193 101 90 18 158 210 
178 237 155 140 20 56 157 227 
203 118 138 226 162 146 183 244 
88 194 43 92 30 150 170 79 
49 169 153 8 94 187 148 30 
163 52 93 162 105 177 226 185 
239 195 77 138 4 129 76 176 
156 40 103 25 34 27 36 76 
147 5 209 111 113 13 176 157 
53 69 180 213 98 112 133 235 
126 58 49 137 132 74 33 167 
14 16 197 186 28 50 189 80 
152 22 48 167 145 111 239 136 
89 174 4 70 122 187 170 32 
251 218 239 15 115 135 139 17 
12 107 71 251 140 22 175 52 
213 155 43 191 249 51 111 234 
29 109 41 82 202 180 152 177 
132 201 8 250 195 196 204 68 
9 105 118 22 241 194 89 39 
197 85 165 24 234 209 230 131 
109 97 182 34 127 227 61 106 
180 109 39 225 102 135 44 87 
57 213 150 179 231 84 185 100 
114 232 55 246 163 11 225 62 
94 234 155 157 167 80 36 76 
64 77 246 193 218 221 173 163 
243 135 76 128 127 183 144 32 
128 129 219 159 229 114 168 186 
30 147 177 182 235 24 220 225 
218 11 189 227 64 21 191 93 
26 62 215 56 34 74 243 218 
190 197 11 36 169 23 54 143 
130 182 195 116 16 93 196 128 
45 40 55 149 228 69 250 63 
219 153 29 128 240 106 69 98 
169 58 46 161 156 90 221 44 
182 241 247 236 22 130 153 140 
255 224 252 6 54 208 152 147 
133 108 129 74 141 30 84 254 
188 55 109 43 117 128 154 221 
82 35 15 81 94 182 40 145 
114 200 173 195 152 74 187 156 
72 229 109 203 206 180 234 152 
33 54 167 101 195 101 219 124 
161 33 47 107 34 165 62 188 
201 46 84 219 171 126 38 145 
147 95 154 53 98 218 131 139 
20 200 7 135 72 86 74 76 
244 154 16 17 243 45 218 27 
105 9 197 25 83 158 245 136 
229 112 207 111 44 190 84 150 
79 33 191 195 204 221 52 167 
138 168 199 27 156 39 216 210 
57 11 94 34 33 98 152 136 
227 141 127 54 200 95 241 166 
96 68 104 237 106 126 143 78 
182 127 1 188 7 74 146 3 
68 188 62 105 41 162 226 245 
206 149 50 184 139 153 165 190 
174 235 164 28 211 118 176 44 
123 22 104 110 78 104 197 21 
14 71 166 41 141 189 149 249 
44 182 35 234 219 103 255 55 
123 101 175 156 42 230 117 4 
242 189 53 161 180 250 89 113 
84 73 144 82 100 193 222 233 
173 73 57 112 1 220 141 164 
197 57 204 97 151 92 85 197 
160 7 228 50 25 13 114 32 
58 144 99 192 152 158 151 254 
106 175 13 75 155 168 147 100 
139 108 181 248 32 139 136 161 
65 47 78 211 182 227 97 160 
106 205 37 105 17 10 77 131 
131 76 117 239 50 77 116 104 
230 114 113 39 251 196 26 168 
69 221 36 3 253 188 29 54 
42 140 216 239 153 255 187 90 
167 82 107 38 105 225 24 148 
75 231 108 65 145 60 202 186 
75 203 38 85 99 33 143 248 
128 109 231 228 171 212 186 153 
226 12 194 108 127 106 60 44 
18 205 161 26 163 196 109 76 
97 41 210 251 6 143 115 165 
67 32 9 245 127 203 47 54 
70 64 75 115 33 180 70 236 
21 165 136 140 195 34 186 203 
203 204 67 98 207 12 171 51 
250 204 157 14 236 4 100 236 
239 113 38 255 55 33 36 159 
28 13 73 238 156 41 39 241 
112 72 130 34 53 95 9 128 
207 228 253 159 252 231 171 217 
167 253 224 53 169 242 202 114 
59 55 237 24 31 113 162 82 
19 245 241 123 138 89 146 47 
238 9 231 145 114 94 244 96 
97 116 83 115 245 198 223 33 
229 140 94 80 204 109 220 117 
106 199 71 240 76 162 92 121 
218 4 86 76 223 50 209 48 
84 81 38 79 133 130 2 203 
86 238 228 132 112 237 6 41 
224 53 125 114 157 43 102 70 
153 134 121 119 129 145 233 113 
67 97 87 99 234 127 3 218 
97 50 31 186 63 69 38 62 
212 213 190 199 60 189 24 185 
253 254 215 124 99 198 39 88 
73 99 102 105 199 207 151 87 
83 213 44 78 222 59 190 20 
69 248 87 19 152 220 69 198 
221 29 155 187 147 255 110 147 
46 162 157 3 227 192 119 139 
23 31 211 131 219 25 77 6 
187 213 234 3 125 40 33 241 
114 32 190 121 39 209 142 174 
3 42 25 10 174 13 37 4 
165 186 215 155 60 207 172 86 
216 66 210 83 238 226 65 49 
215 193 151 208 36 33 164 192 
15 192 112 43 157 91 69 150 
169 186 47 227 214 227 69 177 
48 251 115 49 230 248 32 251 
142 131 229 14 45 130 64 110 
114 1 17 215 153 251 90 101 
10 96 43 213 95 13 67 206 
188 248 63 150 125 22 181 22 
132 98 13 32 145 53 221 248 
159 4 235 243 224 227 31 96 
2 146 43 154 21 200 142 159 
63 11 117 180 254 254 72 158 
216 200 180 243 7 28 137 187 
25 176 120 78 204 194 171 219 
198 178 214 1 7 242 249 7 
215 159 94 217 150 179 9 134 
237 246 159 136 155 76 154 205 
72 160 11 174 87 137 103 165 
72 85 100 114 62 92 199 190 
32 236 168 47 1 133 35 76 
73 247 11 50 134 93 191 240 
100 89 84 147 64 128 217 132 
104 58 171 27 103 139 88 53 
94 186 94 148 148 194 202 214 
3 249 240 130 55 197 78 148 
177 146 57 130 189 140 120 67 
18 122 213 149 188 163 119 171 
56 167 2 161 151 31 167 204 
120 239 198 41 199 225 165 153 
105 111 67 148 148 171 147 77 
138 65 26 142 120 221 254 52 
255 56 69 97 79 177 205 205 
212 239 183 192 83 240 189 40 
100 199 243 63 220 104 200 135 
101 212 163 6 150 52 191 88 
156 202 103 163 140 151 146 88 
22 43 201 242 58 244 155 156 
44 128 249 234 249 115 8 12 
19 74 44 212 39 154 225 184 
160 187 109 54 219 93 140 34 
204 20 194 97 152 25 123 22 
224 36 118 48 224 209 31 60 
80 94 174 162 190 25 89 52 
217 126 163 80 144 50 214 31 
206 155 42 191 119 195 159 201 
71 68 167 194 255 111 127 65 
244 145 91 35 143 75 94 56 
134 253 157 30 73 46 14 5 
28 58 111 40 60 212 77 202 
141 245 141 246 181 19 116 140 
174 166 183 210 63 118 226 197 
105 151 72 14 117 202 244 240 
222 208 216 148 64 153 112 48 
213 68 120 157 202 210 138 11 
102 149 216 19 221 105 112 9 
31 230 39 80 44 87 164 167 
28 171 29 220 46 103 34 19 
82 111 128 47 253 172 125 250 
137 160 101 232 70 125 219 225 
105 199 253 60 159 10 29 254 
93 142 236 195 163 239 125 91 
22 154 8 73 187 18 25 207 
10 37 35 139 66 89 12 160 
114 36 93 11 19 152 21 89 
28 120 151 11 80 97 49 20 
105 125 246 155 220 165 78 104 
190 129 216 27 156 18 184 61 
193 252 240 239 42 13 46 13 
45 213 231 247 80 153 150 126 
148 179 73 225 170 151 122 68 
161 86 33 131 131 114 52 133 
53 124 99 246 244 129 31 170 
143 90 146 242 74 203 245 158 
47 66 33 231 213 154 144 20 
168 171 117 29 56 76 206 133 
145 147 163 37 115 12 153 145 
102 133 132 217 19 109 24 204 
27 249 104 158 10 159 242 208 
194 157 166 233 52 139 188 26 
119 219 134 30 242 171 29 83 
85 248 15 189 250 99 231 12 
216 56 222 167 184 48 72 132 
70 175 15 202 97 255 240 135 
33 8 179 4 173 105 65 253 
243 243 82 172 213 150 194 123 
204 141 247 104 202 35 71 155 
54 155 186 227 190 249 241 56 
102 203 142 132 175 37 17 195 
101 183 155 172 78 73 222 136 
74 127 143 214 125 138 3 245 
110 98 208 45 119 248 243 144 
156 236 46 66 17 102 247 26 
190 150 134 179 219 148 116 125 
122 207 89 135 239 103 91 163 
123 17 92 15 217 156 64 23 
154 11 44 77 100 188 86 53 
200 188 187 145 130 116 22 44 
112 91 202 159 115 239 175 139 
233 252 99 224 246 238 254 241 
195 179 198 229 224 209 245 137 
108 59 236 84 110 126 201 152 
156 201 123 135 138 152 157 114 
180 98 36 136 175 235 167 73 
7 2 81 248 160 107 134 171 
70 168 117 142 81 200 96 247 
179 58 69 154 205 112 76 191 
198 28 2 51 169 138 54 190 
5 81 172 100 90 107 187 27 
139 95 133 79 197 182 44 236 
191 244 124 63 77 229 189 215 
46 121 96 221 32 43 56 64 
67 8 147 213 184 93 5 124 
192 155 95 245 17 177 193 192 
20 207 47 170 128 100 69 62 
146 157 18 226 8 42 6 147 
6 217 121 248 191 102 210 98 
119 243 239 187 16 51 179 180 
49 239 48 155 223 163 139 143 
113 240 220 249 150 39 7 77 
14 132 27 84 129 9 59 71 
67 96 22 120 86 37 128 68 
70 98 35 218 222 221 99 76 
26 199 164 59 146 222 242 232 
111 2 23 41 61 21 250 47 
5 91 180 236 131 33 109 134 
210 51 115 167 97 7 239 170 
190 8 72 171 97 167 66 5 
16 171 99 25 222 213 37 3 
63 218 24 41 248 219 154 90 
18 196 35 104 44 191 123 78 
9 80 87 37 143 122 187 51 
45 95 25 8 149 54 109 140 
173 126 185 17 97 87 247 44 
10 174 210 35 201 119 187 131 
4 222 181 9 165 143 240 87 
32 123 172 30 189 162 140 39 
70 186 139 80 112 187 60 250 
52 242 237 92 125 135 241 109 
230 162 218 62 66 61 217 229 
137 147 209 27 46 28 153 39 
83 231 41 251 207 64 173 124 
103 209 147 92 219 221 227 118 
22 92 119 47 144 62 231 185 
222 227 84 68 131 40 157 10 
243 233 97 10 140 211 116 161 
81 31 158 244 133 207 125 132 
130 104 100 122 180 115 116 128 
1 234 209 145 213 170 39 125 
