44 137 109 52 158 218 15 56 106 37 
39 239 150 223 242 156 157 238 41 177 
114 213 89 21 194 88 115 55 52 171 
169 195 212 173 173 113 157 175 41 224 
232 211 9 200 195 40 146 117 4 138 
168 221 21 49 204 11 118 91 208 91 
135 250 167 21 166 137 194 192 47 150 
242 239 192 194 226 157 83 152 235 79 
30 18 56 223 44 18 156 244 29 157 
70 213 234 74 103 35 15 209 160 89 
88 96 63 188 84 105 139 254 199 197 
145 42 11 114 206 161 5 173 70 218 
108 116 242 52 115 94 99 77 98 20 
171 229 27 96 247 255 193 185 115 67 
215 207 119 248 126 169 254 18 132 31 
94 211 47 167 19 128 169 136 21 11 
90 179 92 86 27 43 104 25 154 195 
66 52 154 66 52 38 191 238 60 230 
243 144 201 183 122 130 230 46 110 229 
64 161 191 219 249 243 140 60 144 157 
76 50 177 214 171 155 163 145 236 53 
150 20 69 238 133 79 98 99 163 172 
228 213 82 242 30 129 84 233 86 211 
54 243 141 100 161 114 243 31 147 171 
205 113 111 193 46 229 40 26 56 16 
81 186 165 227 151 88 240 18 190 80 
182 95 75 93 191 209 230 107 50 24 
133 44 38 108 64 216 39 251 193 117 
157 245 169 78 135 220 73 131 99 168 
123 238 179 234 37 135 211 64 233 70 
57 8 83 53 147 87 122 80 156 254 
202 217 180 48 76 201 52 47 32 17 
54 237 18 184 143 10 237 58 190 212 
143 180 10 204 108 157 145 173 240 46 
186 131 125 35 89 112 205 171 85 130 
25 235 172 177 209 138 4 168 193 65 
141 5 236 78 49 160 23 202 60 160 
245 250 72 154 76 169 32 38 223 47 
42 245 62 112 157 14 166 62 67 29 
1 52 166 214 200 96 59 47 208 221 
50 227 244 110 68 219 235 56 40 142 
159 117 172 201 23 208 132 27 8 157 
135 109 170 74 163 78 252 162 56 126 
60 4 152 122 159 41 138 48 220 68 
63 146 99 247 134 145 96 168 34 145 
30 28 227 60 238 41 116 182 39 164 
54 64 206 189 101 65 152 175 5 248 
166 118 27 254 76 23 246 103 4 9 
142 212 105 199 126 187 105 41 23 3 
114 43 250 167 83 180 62 169 212 77 
10 200 103 136 253 167 253 93 188 194 
67 89 209 195 186 110 192 84 93 169 
101 126 90 226 90 253 246 25 31 168 
9 248 135 101 68 47 79 2 52 157 
108 146 101 82 108 112 235 126 77 35 
19 4 142 220 155 254 170 230 196 126 
127 143 111 196 212 86 37 194 139 227 
16 29 198 56 227 149 32 5 142 150 
241 164 195 253 145 64 211 9 154 173 
80 221 177 192 202 110 225 154 140 155 
38 56 83 183 88 203 98 152 119 244 
251 76 155 121 126 191 45 107 214 254 
221 231 64 135 158 175 31 146 8 199 
102 112 204 163 173 166 67 230 29 55 
