50 141 84 249 178 4 137 81 
85 91 96 122 249 34 140 48 
55 116 228 62 98 134 34 235 
49 71 174 252 242 45 82 73 
111 52 106 82 102 59 150 216 
204 49 142 62 119 109 44 128 
86 213 15 255 43 122 122 194 
109 81 197 229 179 29 170 231 
231 173 245 184 47 66 230 64 
76 162 46 31 65 92 183 233 
77 83 170 146 245 138 96 183 
125 21 89 171 21 110 182 3 
149 250 180 30 122 78 17 217 
253 103 4 159 22 101 45 181 
10 167 247 6 123 75 5 1 
104 44 124 244 45 82 85 205 
218 25 30 40 6 229 208 23 
36 9 217 239 167 216 86 34 
201 248 184 253 132 119 124 123 
147 127 197 222 164 232 223 56 
157 46 241 115 86 44 254 59 
159 29 192 102 55 103 182 92 
21 99 9 59 152 146 227 104 
67 210 143 27 82 100 234 19 
230 250 227 92 62 248 87 31 
106 202 84 113 221 152 253 78 
74 218 123 163 252 115 163 91 
152 118 74 249 70 251 182 222 
165 208 54 179 92 61 101 96 
183 110 120 180 194 95 247 64 
253 4 220 1 110 99 211 4 
138 31 115 193 25 148 23 29 
226 234 230 23 117 72 150 200 
40 26 24 6 209 235 238 167 
145 133 209 108 66 228 89 86 
124 167 83 175 31 235 246 113 
174 240 235 252 251 118 55 163 
132 188 243 233 157 18 50 216 
220 199 208 173 75 12 116 152 
162 108 112 101 25 150 133 74 
241 121 94 114 172 150 1 202 
151 62 175 118 61 75 111 24 
14 131 133 14 41 27 125 95 
96 142 214 158 98 149 30 151 
230 124 50 247 19 227 21 4 
125 46 17 238 102 240 237 255 
50 70 178 249 245 138 36 245 
68 186 116 55 215 189 43 24 
26 9 167 2 48 205 22 249 
118 208 75 29 91 189 100 230 
155 154 36 69 236 187 210 197 
69 129 238 57 158 164 93 57 
240 224 187 237 10 252 162 248 
57 27 20 113 6 53 244 100 
96 124 74 243 153 222 65 233 
81 152 142 198 150 189 34 193 
1 23 56 138 72 172 71 139 
33 56 29 113 205 186 55 176 
77 239 206 141 44 192 42 121 
132 165 222 219 89 220 54 23 
143 222 172 43 249 116 240 31 
255 73 90 69 31 70 133 32 
182 177 201 201 229 206 190 30 
42 246 215 232 6 46 169 115 
201 35 66 28 70 65 5 16 
137 119 58 152 82 60 46 194 
160 71 91 96 135 113 200 20 
11 112 144 42 202 46 39 136 
28 245 141 82 120 1 134 238 
86 24 225 168 63 215 88 11 
47 251 161 245 158 175 124 37 
153 15 22 140 68 212 208 77 
195 225 26 135 100 131 244 53 
143 88 53 243 54 50 231 185 
40 35 113 144 75 43 24 164 
14 64 92 24 6 182 196 6 
248 141 59 109 136 31 145 90 
80 35 32 154 249 227 114 249 
193 172 99 189 248 178 79 98 
237 216 226 84 67 222 191 136 
155 101 122 157 88 83 228 136 
184 133 143 146 220 218 4 168 
50 202 82 75 164 236 105 46 
3 21 224 43 98 95 194 226 
115 84 223 218 77 179 181 101 
72 50 20 142 77 170 147 11 
91 150 119 19 176 194 148 238 
86 61 213 207 47 130 180 77 
154 42 27 180 242 93 151 250 
41 18 55 253 14 86 66 230 
133 82 52 164 239 14 84 243 
205 149 128 27 126 189 139 189 
88 111 149 201 162 153 240 63 
45 183 45 24 40 100 78 13 
165 77 19 228 180 101 87 199 
169 238 115 56 183 145 141 8 
181 145 50 49 61 144 130 156 
183 189 15 125 230 254 148 192 
164 148 255 200 5 202 243 28 
231 142 58 142 119 134 170 127 
123 237 167 55 199 179 25 60 
59 111 169 120 32 242 13 58 
65 227 251 222 53 150 50 239 
101 61 127 232 39 10 254 216 
172 109 223 89 68 21 124 16 
80 63 105 51 13 131 200 108 
151 113 17 145 216 186 114 206 
1 224 216 223 77 164 157 181 
180 14 81 169 88 35 148 123 
140 148 108 137 213 134 145 154 
100 16 245 84 210 40 34 73 
162 102 208 166 121 57 57 173 
255 75 46 234 239 231 116 6 
111 62 183 149 175 130 119 103 
58 141 192 130 210 188 68 134 
117 230 216 146 174 134 101 211 
58 134 104 182 226 173 63 170 
131 202 55 42 228 19 145 45 
110 87 223 130 138 228 120 247 
167 129 177 226 60 8 129 190 
123 207 6 215 114 152 234 101 
108 238 247 116 191 169 82 123 
68 180 82 113 143 187 72 39 
211 164 50 109 110 69 251 129 
174 59 44 119 129 126 4 136 
25 185 116 129 57 53 86 242 
59 32 202 102 163 1 166 213 
167 100 35 8 225 86 80 145 
223 21 143 181 73 100 146 186 
102 126 231 85 118 55 112 108 
25 41 55 19 137 128 32 59 
106 117 250 217 73 89 170 198 
95 225 146 36 129 236 142 242 
203 205 138 44 122 248 1 77 
177 102 71 170 40 96 211 119 
248 2 21 150 251 175 196 199 
113 254 34 116 253 73 206 222 
34 151 215 35 5 188 162 46 
91 154 121 221 115 97 5 138 
225 68 11 42 36 64 80 34 
51 224 43 90 112 17 95 60 
127 171 204 212 197 75 77 151 
171 11 138 69 27 145 36 98 
2 249 12 242 133 98 203 133 
197 204 94 192 118 150 92 173 
198 146 65 170 185 113 87 243 
1 130 175 104 77 36 53 144 
191 75 4 215 247 19 9 146 
51 255 59 147 187 168 252 23 
106 253 174 227 255 3 190 96 
201 45 84 133 3 35 34 182 
95 220 234 220 110 189 246 178 
62 234 132 46 240 158 16 56 
136 67 73 133 247 227 63 97 
96 119 248 171 97 12 133 137 
10 219 1 253 205 238 51 156 
14 138 239 152 25 82 221 69 
233 106 146 210 77 129 239 228 
123 90 10 208 170 145 48 33 
184 40 7 228 24 174 209 105 
105 245 100 197 107 10 188 74 
194 244 171 172 203 95 64 160 
175 168 208 216 162 4 34 214 
50 196 187 56 186 226 9 154 
180 170 169 61 227 90 198 31 
242 160 216 173 162 63 198 218 
205 230 127 50 255 137 121 116 
170 83 127 240 6 214 54 237 
152 244 95 134 4 115 138 146 
210 159 229 212 42 252 130 196 
52 6 239 124 67 220 194 209 
68 246 9 253 64 62 55 131 
175 81 103 29 44 176 19 32 
134 150 175 6 221 29 64 126 
192 20 240 46 170 84 93 178 
158 135 100 157 97 20 254 68 
226 20 165 42 42 47 183 70 
55 128 102 234 197 15 115 58 
128 73 61 23 208 109 251 82 
7 223 183 76 239 246 241 64 
13 173 168 138 84 170 23 4 
13 254 49 54 90 25 220 187 
62 47 64 77 96 163 98 14 
102 192 53 230 4 80 97 131 
198 43 24 62 2 22 135 193 
7 251 134 70 176 202 159 222 
36 140 245 22 106 114 26 182 
244 139 6 207 105 28 228 118 
131 45 214 123 71 36 143 162 
221 248 146 152 130 90 156 61 
234 148 72 1 89 113 19 185 
117 158 45 152 173 80 226 108 
23 51 146 8 15 66 169 96 
46 25 90 125 44 156 173 207 
188 100 29 104 141 173 43 5 
39 129 152 221 122 72 77 119 
17 157 144 131 83 195 22 216 
129 195 95 84 115 141 205 255 
28 68 227 249 172 220 126 103 
53 114 47 133 105 1 237 99 
107 66 31 200 254 29 149 97 
143 15 17 200 31 85 67 95 
180 249 253 248 214 148 248 16 
164 189 13 64 154 3 59 120 
170 185 111 71 178 87 147 172 
153 117 218 18 34 68 200 218 
112 116 201 175 65 19 210 215 
158 38 71 34 245 1 128 200 
151 178 228 226 183 178 47 138 
169 150 189 154 137 206 142 175 
114 238 80 191 12 213 217 229 
139 10 35 220 7 129 34 253 
92 110 119 59 97 193 17 11 
73 139 148 88 112 1 34 57 
158 58 146 206 94 238 173 71 
167 190 3 79 240 89 21 117 
207 42 186 32 209 222 119 87 
25 59 159 238 212 197 253 77 
160 75 114 207 116 69 245 166 
67 81 105 7 13 229 43 194 
71 182 5 247 174 22 3 118 
46 40 23 105 55 45 10 245 
221 33 9 78 66 250 6 38 
127 230 225 73 118 168 35 126 
221 87 54 159 102 167 153 173 
184 242 60 87 94 31 137 153 
234 95 6 155 229 34 234 4 
169 194 46 184 73 94 70 138 
76 152 223 238 15 154 189 32 
148 67 1 144 249 148 225 58 
166 254 63 191 66 37 29 51 
232 179 77 102 13 119 250 131 
234 228 242 230 110 179 66 14 
137 107 91 8 244 133 72 213 
234 6 122 176 248 79 145 10 
95 84 74 160 73 128 39 62 
42 227 146 11 25 132 21 220 
230 16 32 190 105 9 209 41 
166 229 21 25 227 214 191 149 
4 109 78 155 34 209 199 185 
69 159 164 42 174 131 78 204 
196 110 142 121 241 15 81 121 
154 202 181 49 190 127 32 21 
108 52 2 200 98 134 12 170 
239 80 22 126 245 13 146 24 
233 206 16 236 120 70 104 170 
163 253 205 63 226 234 59 100 
187 216 189 51 182 254 63 21 
214 108 63 149 27 171 117 138 
56 211 8 31 45 62 99 248 
207 136 230 185 53 54 171 28 
218 246 101 111 185 215 6 87 
251 46 51 83 132 35 108 59 
147 202 94 245 80 78 137 8 
198 98 101 6 125 46 65 30 
162 47 61 176 60 255 127 54 
