190 183 240 58 244 92 132 54 76 7 
72 23 146 103 1 42 144 57 87 100 
66 150 156 97 139 6 50 234 161 57 
242 161 212 109 107 34 254 50 158 170 
95 143 194 6 71 130 17 89 190 88 
132 182 180 200 201 158 250 115 206 27 
27 253 111 144 152 199 233 153 138 75 
1 120 253 193 183 177 129 224 107 162 
22 75 227 49 92 193 197 28 252 79 
224 191 87 232 151 222 39 217 134 9 
128 32 110 236 41 129 126 222 254 135 
164 32 66 227 233 140 194 131 134 132 
70 152 24 201 91 98 200 176 206 224 
63 47 24 23 14 46 30 236 18 163 
152 252 88 211 24 208 110 184 26 103 
39 4 136 246 204 231 229 60 210 158 
50 241 84 22 236 121 154 83 121 168 
208 221 223 221 67 254 245 86 68 62 
245 112 217 200 184 75 17 166 158 25 
150 131 187 168 52 231 131 25 99 52 
218 71 253 246 48 211 73 60 118 16 
12 91 14 138 114 125 122 49 162 75 
67 211 100 234 182 51 236 63 155 18 
197 126 46 202 101 134 73 203 140 41 
102 67 253 167 113 90 137 79 117 38 
190 189 110 229 19 34 25 57 26 186 
214 201 98 228 150 180 11 162 168 76 
52 63 32 172 245 64 190 170 193 65 
236 38 182 124 241 119 2 71 169 198 
88 5 255 78 221 61 28 217 212 102 
30 101 177 123 180 106 215 98 180 225 
25 14 41 61 55 39 182 103 16 85 
221 53 24 255 241 135 16 175 194 197 
231 221 225 92 189 105 166 227 19 146 
254 231 223 174 152 154 65 10 217 92 
46 180 177 15 151 66 32 218 90 137 
235 50 182 152 117 186 35 247 106 199 
114 187 204 122 51 212 113 53 218 112 
219 62 221 93 214 36 58 108 245 61 
125 158 66 87 223 79 38 107 40 245 
116 182 166 207 111 10 94 179 139 32 
136 253 96 58 104 172 77 130 227 84 
55 160 86 240 218 174 205 25 209 87 
253 57 134 179 1 182 163 230 94 31 
87 236 11 163 41 154 217 70 141 99 
250 87 233 252 125 3 199 145 233 91 
159 195 87 218 42 136 171 111 192 159 
32 158 179 220 22 16 116 107 236 9 
112 250 57 124 158 124 164 156 6 29 
239 33 79 90 81 33 200 85 96 127 
249 160 39 107 92 3 153 126 96 165 
147 176 26 239 54 167 176 162 116 135 
80 179 224 12 187 7 176 6 246 95 
189 255 104 32 163 22 202 10 107 140 
196 215 210 140 166 63 81 44 1 109 
94 198 45 183 253 236 180 74 142 18 
143 24 6 109 237 40 55 15 55 57 
14 247 36 213 124 128 158 202 250 70 
77 130 55 83 49 213 2 22 156 22 
220 102 127 113 141 116 94 193 157 57 
38 140 152 40 12 222 175 150 236 236 
252 251 121 98 83 146 204 138 99 91 
98 125 116 41 101 80 22 105 197 13 
234 193 146 130 29 22 243 113 21 36 
