4 40 88 112 132 161 195 240 282 291 
5 41 89 113 133 186 220 233 275 308 
6 42 90 114 134 179 213 226 268 293 
7 43 91 115 135 172 206 251 261 310 
8 44 92 116 136 165 199 244 286 295 
9 45 93 117 137 190 192 237 279 312 
10 46 94 118 138 183 217 230 272 297 
11 47 95 119 139 176 210 255 265 314 
12 48 64 120 140 169 203 248 258 299 
13 49 65 121 141 162 196 241 283 316 
14 50 66 122 142 187 221 234 276 301 
15 51 67 123 143 180 214 227 269 318 
16 52 68 124 144 173 207 252 262 303 
17 53 69 125 145 166 200 245 287 288 
18 54 70 126 146 191 193 238 280 305 
19 55 71 127 147 184 218 231 273 290 
20 56 72 96 148 177 211 224 266 307 
21 57 73 97 149 170 204 249 259 292 
22 58 74 98 150 163 197 242 284 309 
23 59 75 99 151 188 222 235 277 294 
24 60 76 100 152 181 215 228 270 311 
25 61 77 101 153 174 208 253 263 296 
26 62 78 102 154 167 201 246 256 313 
27 63 79 103 155 160 194 239 281 298 
28 32 80 104 156 185 219 232 274 315 
29 33 81 105 157 178 212 225 267 300 
30 34 82 106 158 171 205 250 260 317 
31 35 83 107 159 164 198 243 285 302 
0 36 84 108 128 189 223 236 278 319 
1 37 85 109 129 182 216 229 271 304 
2 38 86 110 130 175 209 254 264 289 
3 39 87 111 131 168 202 247 257 306 
4 36 72 120 144 163 193 227 272 314 
5 37 73 121 145 180 218 252 265 307 
6 38 74 122 146 165 211 245 258 300 
7 39 75 123 147 182 204 238 283 293 
8 40 76 124 148 167 197 231 276 318 
9 41 77 125 149 184 222 224 269 311 
10 42 78 126 150 169 215 249 262 304 
11 43 79 127 151 186 208 242 287 297 
12 44 80 96 152 171 201 235 280 290 
13 45 81 97 153 188 194 228 273 315 
14 46 82 98 154 173 219 253 266 308 
15 47 83 99 155 190 212 246 259 301 
16 48 84 100 156 175 205 239 284 294 
17 49 85 101 157 160 198 232 277 319 
18 50 86 102 158 177 223 225 270 312 
19 51 87 103 159 162 216 250 263 305 
20 52 88 104 128 179 209 243 256 298 
21 53 89 105 129 164 202 236 281 291 
22 54 90 106 130 181 195 229 274 316 
23 55 91 107 131 166 220 254 267 309 
24 56 92 108 132 183 213 247 260 302 
25 57 93 109 133 168 206 240 285 295 
26 58 94 110 134 185 199 233 278 288 
27 59 95 111 135 170 192 226 271 313 
28 60 64 112 136 187 217 251 264 306 
29 61 65 113 137 172 210 244 257 299 
30 62 66 114 138 189 203 237 282 292 
31 63 67 115 139 174 196 230 275 317 
0 32 68 116 140 191 221 255 268 310 
1 33 69 117 141 176 214 248 261 303 
2 34 70 118 142 161 207 241 286 296 
3 35 71 119 143 178 200 234 279 289 
